1.000000000000000048e-04 5.920405106507693000e-33
1.011591112223829728e-04 5.621291572396157511e-33
1.023316578330244966e-04 5.337467206767926135e-33
1.035177955630176228e-04 5.068141656620602975e-33
1.047176819485520245e-04 4.812565861855922035e-33
1.059314763518370031e-04 4.570029876575456602e-33
1.071593399822671198e-04 4.339860806358356747e-33
1.084014359178331018e-04 4.121420855297804782e-33
1.096579291267809898e-04 3.914105476908894544e-33
1.109289864895222780e-04 3.717341623338868562e-33
1.122147768207980290e-04 3.530586087611221581e-33
1.135154708920999033e-04 3.353323933919574067e-33
1.148312414543511137e-04 3.185067011256189261e-33
1.161622632608501891e-04 3.025352545914306775e-33
1.175087130904807617e-04 2.873741808643988504e-33
1.188707697711903309e-04 2.729818852468654112e-33
1.202486142037412301e-04 2.593189317384625062e-33
1.216424293857368039e-04 2.463479298369441725e-33
1.230524004359261579e-04 2.340334273317193048e-33
1.244787146187906256e-04 2.223418087701060828e-33
1.259215613694150942e-04 2.112411992935486330e-33
1.273811323186478520e-04 2.007013735573125327e-33
1.288576213185518003e-04 1.906936694625850825e-33
1.303512244681508938e-04 1.811909064444656864e-33
1.318621401394748458e-04 1.721673080731175639e-33
1.333905690039058638e-04 1.635984287383811548e-33
1.349367140588306430e-04 1.554610842004838094e-33
1.365007806546013845e-04 1.477332858011386542e-33
1.380829765218092263e-04 1.403941781403625323e-33
1.396835117988739626e-04 1.334239800347755551e-33
1.413025990599533599e-04 1.268039285830245943e-33
1.429404533431761061e-04 1.205162261733049493e-33
1.445972921792019463e-04 1.145439902767997956e-33
1.462733356201129868e-04 1.088712058792098023e-33
1.479688062686396383e-04 1.034826804104601075e-33
1.496839293077255632e-04 9.836400104014988867e-34
1.514189325304352018e-04 9.350149421339377720e-34
1.531740463702079740e-04 8.888218730839965857e-34
1.549495039314631646e-04 8.449377230346705672e-34
1.567455410205595065e-04 8.032457134708665396e-34
1.585623961771137158e-04 7.636350413049435992e-34
1.604003107056819902e-04 7.260005696740479723e-34
1.622595287078087002e-04 6.902425349072711001e-34
1.641402971144466361e-04 6.562662688087427551e-34
1.660428657187529582e-04 6.239819354482670906e-34
1.679674872092653225e-04 5.933042816941524964e-34
1.699144172034625999e-04 5.641524007636177039e-34
1.718839142817145534e-04 5.364495081047258124e-34
1.738762400216250527e-04 5.101227289602688795e-34
1.758916590327732731e-04 4.851028969985566364e-34
1.779304389918577296e-04 4.613243634287462292e-34
1.799928506782476454e-04 4.387248160492727885e-34
1.820791680099462359e-04 4.172451077072174544e-34
1.841896680799710861e-04 3.968290936741453132e-34
1.863246311931559835e-04 3.774234774701851103e-34
1.884843409033795474e-04 3.589776646929205121e-34
1.906690840512252085e-04 3.414436244311807574e-34
1.928791508020777693e-04 3.247757578660351966e-34
1.951148346846616412e-04 3.089307736823640181e-34
1.973764326300255292e-04 2.938675699342928540e-34
1.996642450109793374e-04 2.795471220266449514e-34
2.019785756819878484e-04 2.659323764924276479e-34
2.043197320195270594e-04 2.529881502632656530e-34
2.066880249629082160e-04 2.406810351457029830e-34
2.090837690555749911e-04 2.289793072314492926e-34
2.115072824868794756e-04 2.178528409839812989e-34
2.139588871343421563e-04 2.072730277575053019e-34
2.164389086064020347e-04 1.972126985171304448e-34
2.189476762856620634e-04 1.876460505412887321e-34
2.214855233726359179e-04 1.785485778989598761e-34
2.240527869300018224e-04 1.698970055051756829e-34
2.266498079273692845e-04 1.616692265686139289e-34
2.292769312865648647e-04 1.538442432548794271e-34
2.319345059274427543e-04 1.464021103983373152e-34
2.346228848142262321e-04 1.393238821041397349e-34
2.373424250023866149e-04 1.325915610903975996e-34
2.400934876860651764e-04 1.261880506283225298e-34
2.428764382460450548e-04 1.200971089456141916e-34
2.456916462982790305e-04 1.143033059654303110e-34
2.485394857429798422e-04 1.087919822599628933e-34
2.514203348142796828e-04 1.035492101039741569e-34
2.543345761304648361e-04 9.856175651964662897e-35
2.572825967447932359e-04 9.381704820977938672e-35
2.602647881969004482e-04 8.930313828174697098e-35
2.632815465648020189e-04 8.500867466973073059e-35
2.663332725174980963e-04 8.092287016756458471e-35
2.694203713681882413e-04 7.703547398910643247e-35
2.725432531281027707e-04 7.333674477738220814e-35
2.757023325609582747e-04 6.982080491570690935e-35
2.788980292380439777e-04 6.648390076665670549e-35
2.821307675939470740e-04 6.329322273704638760e-35
2.854009769829237591e-04 6.021878285629768398e-35
2.887090917359234400e-04 5.732087276231134769e-35
2.920555512182745244e-04 5.463020234910674513e-35
2.954407998880379709e-04 5.205029800856940778e-35
2.988652873550382482e-04 4.954975402658005493e-35
3.023294684405776131e-04 4.717404739762807185e-35
3.058338032378431388e-04 4.492243978347014962e-35
3.093787571730136510e-04 4.277543646405858131e-35
3.129648010670750265e-04 4.072222205767453094e-35
3.165924111983520412e-04 3.877209738046428041e-35
3.202620693657650080e-04 3.692535722044263585e-35
3.239742629528195514e-04 3.517072306073126176e-35
3.277294849923381931e-04 3.350836848387595791e-35
3.315282342319423150e-04 3.191640484300918461e-35
3.353710152002928996e-04 3.037870751052992160e-35
3.392583382740992125e-04 2.892138117198364833e-35
3.431907197459042598e-04 2.754851841336442354e-35
3.471686818926559680e-04 2.624445651181740363e-35
3.511927530450727588e-04 2.500997401391231305e-35
3.552634676578139260e-04 2.382892455702559043e-35
3.593813663804625697e-04 2.269154266627820879e-35
3.635469961293317630e-04 2.161050157250366338e-35
3.677609101601030626e-04 2.058524655863235634e-35
3.720236681413065759e-04 1.960936304680807286e-35
3.763358362286532656e-04 1.868086085894839679e-35
3.806979871402283821e-04 1.779560334156586360e-35
3.851107002325568655e-04 1.695004979954918759e-35
3.895745615775500948e-04 1.614703134887064611e-35
3.940901640403447737e-04 1.538712531280821789e-35
3.986581073580438726e-04 1.466154129216509854e-35
4.032789982193705223e-04 1.396634591977115636e-35
4.079534503452448896e-04 1.330519839569863288e-35
4.126820845702952015e-04 1.267749953966749536e-35
4.174655289253134888e-04 1.207925852863707300e-35
4.223044187206672164e-04 1.150854967642363918e-35
4.271993966306776428e-04 1.096587788217255807e-35
4.321511127789761839e-04 1.045094830048913787e-35
4.371602248248502198e-04 9.959386822035096472e-36
4.422273980505897289e-04 9.488822202771334906e-36
4.473533054498462949e-04 9.041545044010722247e-36
4.525386278170166862e-04 8.617502985131898286e-36
4.577840538376616304e-04 8.213106770262874393e-36
4.630902801799736631e-04 7.826923112947461608e-36
4.684580115873045137e-04 7.458658553514603040e-36
4.738879609717650920e-04 7.107008878595230326e-36
4.793808495089107069e-04 6.772759008332721293e-36
4.849374067335233355e-04 6.455888461913014166e-36
4.905583706365045484e-04 6.153563066148104359e-36
4.962444877628913436e-04 5.864625831651792617e-36
5.019965133110079530e-04 5.589508462943944694e-36
5.078152112327670659e-04 5.327723209090646985e-36
5.137013543351339135e-04 5.078213158769472092e-36
5.196557243827657369e-04 4.840304550624165723e-36
5.256791122018419265e-04 4.613620285155879936e-36
5.317723177850966487e-04 4.397622123746064999e-36
5.379361503980697925e-04 4.191924901714984930e-36
5.441714286865887004e-04 3.996163233840539195e-36
5.504789807854967333e-04 3.809549080951328967e-36
5.568596444286409188e-04 3.631579782201754469e-36
5.633142670601351629e-04 3.461953867380596925e-36
5.698437059469136636e-04 3.300242846738571578e-36
5.764488282925873171e-04 3.146132411638925131e-36
5.831305113526218760e-04 2.999255989210019203e-36
5.898896425508493501e-04 2.859296225927706632e-36
5.967271195973310833e-04 2.725938476866529324e-36
6.036438506075863814e-04 2.598853294035282254e-36
6.106407542232036075e-04 2.477754192804737649e-36
6.177187597338488134e-04 2.362330976761207957e-36
6.248788072006888211e-04 2.252309919596447138e-36
6.321218475812448011e-04 2.147458689210814903e-36
6.394488428556943443e-04 2.047544553655510546e-36
6.468607661546327617e-04 1.952299598567032923e-36
6.543586018883235361e-04 1.861493273048684388e-36
6.619433458774394430e-04 1.774943837045974726e-36
6.696160054853222054e-04 1.692456196209387726e-36
6.773775997517752102e-04 1.613818773783276676e-36
6.852291595284064167e-04 1.538842603659344804e-36
6.931717276155407569e-04 1.467370040065163167e-36
7.012063589007183975e-04 1.399234662581960313e-36
7.093341204987996815e-04 1.334273793644617310e-36
7.175560918936927952e-04 1.272329965820110460e-36
7.258733650817253023e-04 1.213293855402148744e-36
7.342870447166765678e-04 1.157042238107604803e-36
7.427982482564917787e-04 1.103416280856689209e-36
7.514081061116969704e-04 1.052294333732671382e-36
7.601177617955330547e-04 1.003544756808018263e-36
7.689283720758312941e-04 9.570470023867934309e-37
7.778411071286489781e-04 9.127204197685614444e-37
7.868571506936851423e-04 8.704669706162545286e-37
7.959777002314985571e-04 8.301825280857739622e-37
8.052039670825478267e-04 7.917762569952607580e-37
8.145371766280745229e-04 7.551557733117707485e-37
8.239785684528520143e-04 7.202365009823519659e-37
8.335293965098195066e-04 6.869384510126852577e-37
8.431909292866259040e-04 6.551836277484842615e-37
8.529644499741025759e-04 6.249102794582456896e-37
8.628512566366895297e-04 5.960537029568877934e-37
8.728526623848379762e-04 5.685324572323259457e-37
8.829699955494092365e-04 5.422804326869915140e-37
8.932045998580968784e-04 5.172496795026153809e-37
9.035578346138930074e-04 4.933852675438323624e-37
9.140310748756232161e-04 4.706258808057375523e-37
9.246257116405742597e-04 4.489184513540311711e-37
9.353431520292386373e-04 4.282180990344191978e-37
9.461848194722001460e-04 4.084783319709820516e-37
9.571521538991865398e-04 3.896543944441287400e-37
9.682466119303123836e-04 3.717045061822309679e-37
9.794696670695395360e-04 3.545840759604585859e-37
9.908228099003797609e-04 3.382531891720701648e-37
1.002307548283865382e-03 3.226798154899206290e-37
1.013925407558815411e-03 3.078298832234136680e-37
1.025677930744421868e-03 2.936661448382885533e-37
1.037566678745185890e-03 2.801561951462175427e-37
1.049593230558227598e-03 2.672702929949031180e-37
1.061759183483000071e-03 2.549790210932887325e-37
1.074066153333433447e-03 2.432564082776836182e-37
1.086515774652538433e-03 2.320764918806489129e-37
1.099109700929497193e-03 2.214128594921512345e-37
1.111849604819271095e-03 2.112415023657852607e-37
1.124737178364752007e-03 2.015396238444423148e-37
1.137774133221491381e-03 1.922854056434623187e-37
1.150962200885032299e-03 1.834580410699437535e-37
1.164303132920876775e-03 1.750376456111799274e-37
1.177798701197119331e-03 1.670056478082239054e-37
1.191450698119775895e-03 1.593440878065730839e-37
1.205260936870842505e-03 1.520356398367233208e-37
1.219231251649110712e-03 1.450639115277447706e-37
1.233363497913775872e-03 1.384135727199604989e-37
1.247659552630869806e-03 1.320698539023358730e-37
1.262121314522547276e-03 1.260180884265408024e-37
1.276750704319265777e-03 1.202446494322192375e-37
1.291549665014883998e-03 1.147370532337957890e-37
1.306520162124721234e-03 1.094830507217803180e-37
1.321664183946605082e-03 1.044708585185322442e-37
1.336983741824946661e-03 9.968933957124393822e-38
1.352480870417875451e-03 9.512765563986254137e-38
1.368157627967471913e-03 9.077560785054771288e-38
1.384016096573131502e-03 8.662366690930588937e-38
1.400058382468097589e-03 8.266261255213202173e-38
1.416286616299198848e-03 7.888354954621805251e-38
1.432702953409831009e-03 7.527806152735514078e-38
1.449309574126216591e-03 7.183825164321281242e-38
1.466108684046984459e-03 6.855651384475551459e-38
1.483102514336104337e-03 6.542534841835355146e-38
1.500293322019218348e-03 6.243775229389331727e-38
1.517683390283405343e-03 5.958738157007887814e-38
1.535275028780422714e-03 5.686796724146299882e-38
1.553070573933460147e-03 5.427325320623994165e-38
1.571072389247450424e-03 5.179746128746482315e-38
1.589282865622978049e-03 4.943523539519735533e-38
1.607704421673823627e-03 4.718135709980399458e-38
1.626339504048192157e-03 4.503083061235658636e-38
1.645190587753662514e-03 4.297891173823093748e-38
1.664260176485903671e-03 4.102100570210117297e-38
1.683550802961202323e-03 3.915277677274486216e-38
1.703065029252844422e-03 3.737013479651987806e-38
1.722805447131393972e-03 3.566914441629198690e-38
1.742774678408919205e-03 3.404605633601579496e-38
1.762975375287205784e-03 3.249729225788254673e-38
1.783410220710008025e-03 3.101942988500987172e-38
1.804081928719382779e-03 2.960921179349178491e-38
1.824993244816152391e-03 2.826352734786390998e-38
1.846146946324547485e-03 2.697941112284815426e-38
1.867545842761075955e-03 2.575404867535600410e-38
1.889192776207666326e-03 2.458474607971453299e-38
1.911090621689137941e-03 2.346891388069136498e-38
1.933242287555045260e-03 2.240409555461064459e-38
1.955650715865949168e-03 2.138796581792024184e-38
1.978318882784164089e-03 2.041829390507060843e-38
2.001249798969036847e-03 1.949293802234118225e-38
2.024446509976803900e-03 1.860986498028384034e-38
2.047912096665085481e-03 1.776714270387575881e-38
2.071649675602069141e-03 1.696292271202629811e-38
2.095662399480432980e-03 1.619543278625590727e-38
2.119953457536071038e-03 1.546298810920053371e-38
2.144526075971667656e-03 1.476399368691606265e-38
2.169383518385184159e-03 1.409691907484847025e-38
2.194529086203313769e-03 1.346029482278211960e-38
2.219966119119954652e-03 1.285272593984438207e-38
2.245697995539773940e-03 1.227288667908839993e-38
2.271728133026905232e-03 1.171950848687568916e-38
2.298059988758851136e-03 1.119137799209002102e-38
2.324697059985648094e-03 1.068733995071007085e-38
2.351642884494348565e-03 1.020629087132261569e-38
2.378901041078893431e-03 9.747178668954695026e-39
2.406475150015424062e-03 9.309003413392119668e-39
2.434368873543110365e-03 8.890808219430210036e-39
2.462585916350546866e-03 8.491678933425206460e-39
2.491130026067788373e-03 8.110744444589786377e-39
2.520004993764092018e-03 7.747169447132998698e-39
2.549214654451422910e-03 7.400159865488931878e-39
2.578762887593801043e-03 7.068962880570415103e-39
2.608653617622547997e-03 6.752856461051875445e-39
2.638890814457510187e-03 6.451150813998846866e-39
2.669478494034320699e-03 6.163188560665671949e-39
2.700420718837772543e-03 5.888339295493673417e-39
2.731721598441376204e-03 5.626003754073903558e-39
2.763385290053169997e-03 5.375614492869570964e-39
2.795415999067856535e-03 5.136626738357080724e-39
2.827817979625341181e-03 4.908518066179631358e-39
2.860595535175741895e-03 4.690792046299873362e-39
2.893753019050950264e-03 4.482974390634426527e-39
2.927294835042816134e-03 4.284612888168433715e-39
2.961225437988034351e-03 4.095277123539971390e-39
2.995549334359812969e-03 3.914555464358400050e-39
3.030271082866396216e-03 3.742055639886721441e-39
3.065395295056526793e-03 3.577402940868196361e-39
3.100926635931926852e-03 3.420238921178710396e-39
3.136869824566876613e-03 3.270222224565124027e-39
3.173229634734976452e-03 3.127026686878001245e-39
3.210010895543171858e-03 2.990341329023528356e-39
3.247218492073128838e-03 2.859870931854018070e-39
3.284857366030043482e-03 2.735332573980029332e-39
3.322932516398971556e-03 2.616454572648777260e-39
3.361449000108765288e-03 2.502978998960471932e-39
3.400411932703706255e-03 2.394660667483706027e-39
3.439826489022924580e-03 2.291264819527626372e-39
3.479697903887691603e-03 2.192566569551844527e-39
3.520031472796678832e-03 2.098351962903613354e-39
3.560832552629277729e-03 2.008417614032912008e-39
3.602106562357070083e-03 1.922568772202653928e-39
3.643858983763544404e-03 1.840618867312150305e-39
3.686095362172158059e-03 1.762390402664833391e-39
3.728821307182833642e-03 1.687714889390764218e-39
3.772042493416997554e-03 1.616430798539486830e-39
3.815764661271248397e-03 1.548383218008093663e-39
3.859993617679767074e-03 1.483424926392947208e-39
3.904735236885560103e-03 1.421415226518671234e-39
3.949995461220642823e-03 1.362219973657875312e-39
3.995780301895269192e-03 1.305711654720353754e-39
4.042095839796309639e-03 1.251768141971541994e-39
4.088948226294864159e-03 1.200272421131828536e-39
4.136343684063278035e-03 1.151113177623849023e-39
4.184288507901584922e-03 1.104184762125522216e-39
4.232789065573553354e-03 1.059385852493536029e-39
4.281851798652415615e-03 1.016619119245270907e-39
4.331483223376403000e-03 9.757921847029870764e-40
4.381689931514195016e-03 9.368172458180327784e-40
4.432478591240400501e-03 8.996101887521397359e-40
4.483855948021191196e-03 8.640905345962190425e-40
4.535828825510191016e-03 8.301816330757968950e-40
4.588404126454761513e-03 7.978104482380055225e-40
4.641588833612782412e-03 7.669071650019892589e-40
4.695390010680062544e-03 7.374047663561619101e-40
4.749814803228504315e-03 7.092395981236651489e-40
4.804870439655133628e-03 6.823514248685425236e-40
4.860564232142139222e-03 6.566823077653291939e-40
4.916903577628031589e-03 6.321766603960815757e-40
4.973895958790068052e-03 6.087816691122904413e-40
5.031548945038056761e-03 5.864470158059590914e-40
5.089870193519685330e-03 5.651245917669299791e-40
5.148867450137497269e-03 5.447684402453506992e-40
5.208548550577665401e-03 5.253347273460755962e-40
5.268921421350676766e-03 5.067814294746308734e-40
5.329994080844092930e-03 4.890685883025576103e-40
5.391774640387505396e-03 4.721581729169579663e-40
5.454271305329836186e-03 4.560137819967612251e-40
5.517492376129128420e-03 4.406007396932259447e-40
5.581446249454966556e-03 4.258858847046573835e-40
5.646141419303672866e-03 4.118374770395601068e-40
5.711586478126434545e-03 3.984252929664972976e-40
5.777790117970507157e-03 3.856206029244237092e-40
5.844761131633637551e-03 3.733958785266900640e-40
5.912508413831881436e-03 3.617246353481957644e-40
5.981040962380944001e-03 3.505817716956811828e-40
6.050367879391223974e-03 3.399434550383276726e-40
6.120498372476702517e-03 3.297868211641794262e-40
6.191441755977847815e-03 3.200899799625521440e-40
6.263207452198692356e-03 3.108320912813021664e-40
6.335804992658253774e-03 3.019933112204653506e-40
6.409244019356457114e-03 2.935546525737498538e-40
6.483534286054726779e-03 2.854979775717521711e-40
6.558685659571435525e-03 2.778059832238704798e-40
6.634708121092351002e-03 2.704620991938361166e-40
6.711611767496287149e-03 2.634505534550467850e-40
6.789406812696112230e-03 2.567562932611022224e-40
6.868103588995307790e-03 2.503649449786905064e-40
6.947712548460239883e-03 2.442628281473749272e-40
7.028244264308352446e-03 2.384368463996389127e-40
7.109709432312438099e-03 2.328745253655544362e-40
7.192118872221192789e-03 2.275639324690989729e-40
7.275483529196232965e-03 2.224935894498983533e-40
7.359814475265771296e-03 2.176526163549161696e-40
7.445122910795143496e-03 2.130306297559577408e-40
7.531420165974375344e-03 2.086177137687007941e-40
7.618717702322998914e-03 2.044044369251316307e-40
7.707027114212303652e-03 2.003817640651815375e-40
7.796360130405236531e-03 1.965410951842280764e-40
7.886728615614155974e-03 1.928741976627625740e-40
7.978144572076628638e-03 1.893731403608933800e-40
8.070620141149507584e-03 1.860304163075026944e-40
8.164167604921472240e-03 1.828388613338141376e-40
8.258799387844271284e-03 1.797916332947817399e-40
8.354528058382871408e-03 1.768822585342170461e-40
8.451366330684721012e-03 1.741045039664312252e-40
8.549327066268383804e-03 1.714523553395923975e-40
8.648423275731726215e-03 1.689201286674664883e-40
8.748668120479913615e-03 1.665024527149165921e-40
8.850074914473439122e-03 1.641941493652078527e-40
8.952657125996400095e-03 1.619902676367675152e-40
9.056428379445294677e-03 1.598860878801007264e-40
9.161402457138520528e-03 1.578770216800125539e-40
9.267593301146882789e-03 1.559587638838041171e-40
9.375015015145289968e-03 1.541272844200512904e-40
9.483681866285927423e-03 1.523786620958026054e-40
9.593608287093146128e-03 1.507091478759900073e-40
9.704808877380306092e-03 1.491151676077467330e-40
9.817298406188841586e-03 1.475932802982455771e-40
9.931091813749801447e-03 1.461402272816755182e-40
1.004620421346813161e-02 1.447528960614017220e-40
1.016265089392995140e-02 1.434283162860501621e-40
1.028044732093309765e-02 1.421636277367969770e-40
1.039960913954120388e-02 1.409561222470129353e-40
1.052015217616159015e-02 1.398033066228971697e-40
1.064209244064724669e-02 1.387027142489668698e-40
1.076544612842315896e-02 1.376519157835658504e-40
1.089022962263730583e-02 1.366486615198464396e-40
1.101645949633657008e-02 1.356908027984525175e-40
1.114415251466788215e-02 1.347762888778972976e-40
1.127332563710487130e-02 1.339031611335219373e-40
1.140399601970033122e-02 1.330695501769145420e-40
1.153618101736478448e-02 1.322736923823916943e-40
1.166989818617147553e-02 1.315138837789778124e-40
1.180516528568805595e-02 1.307885176897316564e-40
1.194200028133532432e-02 1.300960407784218007e-40
1.208042134677328981e-02 1.294349252198597282e-40
1.222044686631488727e-02 1.288037550343079921e-40
1.236209543736769070e-02 1.282011991155989009e-40
1.250538587290391315e-02 1.276259665116518080e-40
1.265033720395903824e-02 1.270768452002503140e-40
1.279696868215941634e-02 1.265526580281189968e-40
1.294529978227916024e-02 1.260522595865172365e-40
1.309535020482667685e-02 1.255745769776667044e-40
1.324713987866117486e-02 1.251185855328188008e-40
1.340068896363950761e-02 1.246833071246803113e-40
1.355601785329368925e-02 1.242678077028403920e-40
1.371314717753945554e-02 1.238711955297227158e-40
1.387209780541620932e-02 1.234926400126738331e-40
1.403289084785873213e-02 1.231313275311268722e-40
1.419554766050101606e-02 1.227865030915268422e-40
1.436008984651260603e-02 1.224574240764737476e-40
1.452653925946781159e-02 1.221433217041535541e-40
1.469491800624817164e-02 1.218435211646051854e-40
1.486524844997857107e-02 1.215574182903594117e-40
1.503755321299738400e-02 1.212843961586913730e-40
1.521185517986104775e-02 1.210238881595101257e-40
1.538817750038346324e-02 1.207753306935417855e-40
1.556654359271062056e-02 1.205381686844709342e-40
1.574697714643086624e-02 1.203118891397007512e-40
1.592950212572123020e-02 1.200960044098226554e-40
1.611414277253019750e-02 1.198900466772632585e-40
1.630092360979741237e-02 1.196935919518344869e-40
1.648986944471064753e-02 1.195062122995120974e-40
1.668100537200059227e-02 1.193274831272864622e-40
1.687435677727375585e-02 1.191570154153230353e-40
1.706994934038407949e-02 1.189944811573933509e-40
1.726780903884355886e-02 1.188395225688216115e-40
1.746796215127245644e-02 1.186917851872938889e-40
1.767043526088946798e-02 1.185509439743546470e-40
1.787525525904235316e-02 1.184166937358089868e-40
1.808244934877951612e-02 1.182887378768592165e-40
1.829204504846293836e-02 1.181667776156759346e-40
1.850407019542302245e-02 1.180505441229140986e-40
1.871855294965579092e-02 1.179398650296063406e-40
1.893552179756295348e-02 1.178344875887517216e-40
1.915500555573527997e-02 1.177341246003643073e-40
1.937703337477988952e-02 1.176385508169556375e-40
1.960163474319185847e-02 1.175475560978649974e-40
1.982883949127071249e-02 1.174609349091463409e-40
2.005867779508234069e-02 1.173785579006233777e-40
2.029118018046677935e-02 1.173002308976622124e-40
2.052637752709252084e-02 1.172257443818543081e-40
2.076430107255774690e-02 1.171549251278346171e-40
2.100498241653915230e-02 1.170876370987919773e-40
2.124845352498882720e-02 1.170237196236331477e-40
2.149474673437980557e-02 1.169630116561886536e-40
2.174389475600079988e-02 1.169053686970397358e-40
2.199593068030074663e-02 1.168507233834269090e-40
2.225088798128369363e-02 1.167989358507425960e-40
2.250880052095461867e-02 1.167498540037626772e-40
2.276970255381680075e-02 1.167033547799816046e-40
2.303362873142131284e-02 1.166593539911077997e-40
2.330061410696924670e-02 1.166177361917399742e-40
2.357069413996727703e-02 1.165784089214645191e-40
2.384390470093720321e-02 1.165412662640745539e-40
2.412028207618006903e-02 1.165062665125599383e-40
2.439986297259550199e-02 1.164733064047094832e-40
2.468268452255692469e-02 1.164422740622212478e-40
2.496878428884326609e-02 1.164130805008299310e-40
2.525820026962784584e-02 1.163857205224362113e-40
2.555097090352506997e-02 1.163601027330503004e-40
2.584713507469563881e-02 1.163361323746355090e-40
2.614673211801091940e-02 1.163137314895228330e-40
2.644980182427720053e-02 1.162928469209660438e-40
2.675638444552045150e-02 1.162734069367049935e-40
2.706652070033241375e-02 1.162554274680752509e-40
2.738025177927857698e-02 1.162388318140201549e-40
2.769761935036891068e-02 1.162235665620895517e-40
2.801866556459195468e-02 1.162095639303143557e-40
2.834343306151309444e-02 1.161968134840722392e-40
2.867196497493769772e-02 1.161852485757573887e-40
2.900430493863991738e-02 1.161748453818934088e-40
2.934049709215787172e-02 1.161655417651963985e-40
2.968058608665602449e-02 1.161573169321924982e-40
3.002461709085549324e-02 1.161501130184952724e-40
3.037263579703311511e-02 1.161439559905722418e-40
3.072468842709003348e-02 1.161387836698125292e-40
3.108082173869063797e-02 1.161345891279836796e-40
3.144108303147264555e-02 1.161313139485203056e-40
3.180552015332920035e-02 1.161289542614905105e-40
3.217418150676371741e-02 1.161274550749402992e-40
3.254711605531847990e-02 1.161268354041318520e-40
3.292437333007768724e-02 1.161270392181551124e-40
3.330600343624588733e-02 1.161281144710468396e-40
3.369205705980267418e-02 1.161299991167820439e-40
3.408258547423451829e-02 1.161326419125813014e-40
3.447764054734463873e-02 1.161359978194912330e-40
3.487727474814177747e-02 1.161401777979294203e-40
3.528154115380883332e-02 1.161451159328037021e-40
3.569049345675229939e-02 1.161507948351243503e-40
3.610418597173337130e-02 1.161571611470414921e-40
3.652267364308175307e-02 1.161642765843040747e-40
3.694601205199302130e-02 1.161720805130407687e-40
3.737425742391064371e-02 1.161805998364443939e-40
3.780746663599349189e-02 1.161897767911387596e-40
3.824569722466999305e-02 1.161996843523106317e-40
3.868900739327975347e-02 1.162102568552644178e-40
3.913745601980384015e-02 1.162215316621291411e-40
3.959110266468458816e-02 1.162334459806906096e-40
4.005000757873611317e-02 1.162460386196979611e-40
4.051423171114647281e-02 1.162592492536143483e-40
4.098383671757261509e-02 1.162732039488848509e-40
4.145888496832911274e-02 1.162878231319872109e-40
4.193943955667186335e-02 1.163031436034863583e-40
4.242556430717776828e-02 1.163190941465928132e-40
4.291732378422157684e-02 1.163357272033468707e-40
4.341478330055092288e-02 1.163529743376169791e-40
4.391800892596085804e-02 1.163709542465177010e-40
4.442706749606882555e-02 1.163895837956811606e-40
4.494202662119142072e-02 1.164089527825011670e-40
4.546295469532399269e-02 1.164289751690913837e-40
4.598992090522438514e-02 1.164497233371358299e-40
4.652299523960189143e-02 1.164711142185234703e-40
4.706224849841281199e-02 1.164932857965480681e-40
4.760775230226368254e-02 1.165161396911585003e-40
4.815957910192350533e-02 1.165397623809669371e-40
4.871780218794630885e-02 1.165640589011697133e-40
4.928249570040513228e-02 1.165891593113423080e-40
4.985373463873893352e-02 1.166149593134552245e-40
5.043159487171358646e-02 1.166416000863688447e-40
5.101615314749833457e-02 1.166689678226255739e-40
5.160748710385907462e-02 1.166971668360813213e-40
5.220567527846975420e-02 1.167260874243757547e-40
5.281079711934331261e-02 1.167558778581516981e-40
5.342293299538352497e-02 1.167864189125602633e-40
5.404216420705915125e-02 1.168179160106912199e-40
5.466857299720180585e-02 1.168502266181623990e-40
5.530224256192900478e-02 1.168834398838997154e-40
5.594325706169377826e-02 1.169174320779372371e-40
5.659170163246242391e-02 1.169524381676789207e-40
5.724766239702178822e-02 1.169883036105770902e-40
5.791122647641758214e-02 1.170252018866910293e-40
5.858248200152536139e-02 1.170629763595238411e-40
5.926151812475552449e-02 1.171018026300362088e-40
5.994842503189409116e-02 1.171415222954781151e-40
6.064329395408061402e-02 1.171823845285532308e-40
6.134621717992506246e-02 1.172242068719882435e-40
6.205728806776500406e-02 1.172671458575084156e-40
6.277660105806499857e-02 1.173110326308351745e-40
6.350425168595962011e-02 1.173561753885264376e-40
6.424033659394190465e-02 1.174023657710288545e-40
6.498495354469888130e-02 1.174498107864273246e-40
6.573820143409585259e-02 1.174983090273324251e-40
6.650018030431117944e-02 1.175481328192949465e-40
6.727099135712336087e-02 1.175990642139239516e-40
6.805073696735206012e-02 1.176513922622458343e-40
6.883952069645496441e-02 1.177048828271959014e-40
6.963744730628222690e-02 1.177598430309106121e-40
7.044462277299036457e-02 1.178160224219518243e-40
7.126115430111745752e-02 1.178736966565716592e-40
7.208715033782135684e-02 1.179326158016366434e-40
7.292272058728312134e-02 1.179932006703894320e-40
7.376797602527730702e-02 1.180551519439826864e-40
7.462302891391107973e-02 1.181187232531590278e-40
7.548799281653431614e-02 1.181836423039812980e-40
7.636298261282241373e-02 1.182503313997471197e-40
7.724811451403400253e-02 1.183184766405755979e-40
7.814350607844541829e-02 1.183884692897925536e-40
7.904927622696419909e-02 1.184599804614848245e-40
7.996554525892346499e-02 1.185334926584235243e-40
8.089243486805938743e-02 1.186086352841361559e-40
8.183006815867389927e-02 1.186857352224437798e-40
8.277856966198472721e-02 1.187644528359609017e-40
8.373806535266489770e-02 1.188453336771071612e-40
8.470868266557401993e-02 1.189279779312665823e-40
8.569055051268346934e-02 1.190128943357301089e-40
8.668379930019773361e-02 1.190996600088749443e-40
8.768856094587426653e-02 1.191887569333769086e-40
8.870496889654402861e-02 1.192797588048406234e-40
8.973315814583519845e-02 1.193732812925138917e-40
9.077326525210223374e-02 1.194688464661643938e-40
9.182542835656282154e-02 1.195669682052064573e-40
9.288978720164497993e-02 1.196671767061376692e-40
9.396648314954690606e-02 1.197701617570555712e-40
9.505565920101191613e-02 1.198753920310924379e-40
9.615746001432096124e-02 1.199834918694230792e-40
9.727203192450536995e-02 1.200939193181461360e-40
9.839952296278225985e-02 1.202073636522679754e-40
9.954008287621518569e-02 1.203232524005811088e-40
1.006938631476027024e-01 1.204423608634985949e-40
1.018610170155975214e-01 1.205640657867294144e-40
1.030416994950587445e-01 1.206891170478309235e-40
1.042360673976401170e-01 1.208168729055968718e-40
1.054442793526168404e-01 1.209481332712370301e-40
1.066664958279538722e-01 1.210822271844401859e-40
1.079028791516183639e-01 1.212200660002407057e-40
1.091535935331391094e-01 1.213609183668884416e-40
1.104188050854160164e-01 1.215057094794497517e-40
1.116986818467822634e-01 1.216536692899723949e-40
1.129933938033221702e-01 1.218057114485065306e-40
1.143031129114478600e-01 1.219610504302045989e-40
1.156280131207375328e-01 1.221207544721612611e-40
1.169682703970384707e-01 1.222839674621023408e-40
1.183240627458378019e-01 1.224517284634944640e-40
1.196955702359042834e-01 1.226231559868497279e-40
1.210829750232039481e-01 1.227994004031766374e-40
1.224864613750930725e-01 1.229795218611168207e-40
1.239062156947915577e-01 1.231647393191374268e-40
1.253424265461399456e-01 1.233540542624731342e-40
1.267952846786433996e-01 1.235487519504763614e-40
1.282649830528059809e-01 1.237477762460396120e-40
1.297517168657586761e-01 1.239523928671267562e-40
1.312556835771842845e-01 1.241615258440240587e-40
1.327770829355429116e-01 1.243766427780215560e-40
1.343161170046015263e-01 1.245965736846940694e-40
1.358729901902709092e-01 1.248228038563910640e-40
1.374479092677536596e-01 1.250541086485078225e-40
1.390410834090069769e-01 1.252920414997789845e-40
1.406527242105236331e-01 1.255353233433678457e-40
1.422830457214351862e-01 1.257856346216850543e-40
1.439322644719406574e-01 1.260416164997240382e-40
1.456005995020648591e-01 1.263049514807629023e-40
1.472882723907501801e-01 1.265742431560611128e-40
1.489955072852853779e-01 1.268514151833319474e-40
1.507225309310755434e-01 1.271349504719648404e-40
1.524695727017572888e-01 1.274266882005959177e-40
1.542368646296627399e-01 1.277250926718235443e-40
1.560246414366368017e-01 1.280322687759181243e-40
1.578331405652116382e-01 1.283465597490952079e-40
1.596626022101425013e-01 1.286701147177794845e-40
1.615132693503091299e-01 1.290012026996268303e-40
1.633853877809862132e-01 1.293420338721910646e-40
1.652792061464895546e-01 1.296908211866879889e-40
1.671949759731990170e-01 1.300499667529256490e-40
1.691329517029648843e-01 1.304175784715952562e-40
1.710933907269015231e-01 1.307961881150359909e-40
1.730765534195725930e-01 1.311838027035110902e-40
1.750827031735725237e-01 1.315830232137093251e-40
1.771121064345088647e-01 1.319917876200593831e-40
1.791650327363901452e-01 1.324128679501009660e-40
1.812417547374237659e-01 1.328441034968777272e-40
1.833425482562290598e-01 1.332883945389689979e-40
1.854676923084699336e-01 1.337434887706150988e-40
1.876174691439121411e-01 1.342124976240382647e-40
1.897921642839101308e-01 1.346930448863192813e-40
1.919920665593284892e-01 1.351882611788952112e-40
1.942174681489026444e-01 1.356957218759376610e-40
1.964686646180446583e-01 1.362188284889752903e-40
1.987459549580983809e-01 1.367550301907980997e-40
2.010496416260499075e-01 1.373078375284223410e-40
2.033800305846981960e-01 1.378746131894133864e-40
2.057374313432913659e-01 1.384591065522157587e-40
2.081221569986339281e-01 1.390585578710203540e-40
2.105345242766706038e-01 1.396768241336332171e-40
2.129748535745520921e-01 1.403110708264920470e-40
2.154434690031884481e-01 1.409653149108440583e-40
2.179406984302955930e-01 1.416366508632509598e-40
2.204668735239409816e-01 1.423294414108930033e-40
2.230223297965938656e-01 1.430406254243400995e-40
2.256074066496861485e-01 1.437745357544522895e-40
2.282224474186898555e-01 1.445281056853778665e-40
2.308677994187169624e-01 1.453060175270542596e-40
2.335438139906479416e-01 1.461050915564594060e-40
2.362508465477947683e-01 1.469301554569741622e-40
2.389892566231050230e-01 1.477779746582892042e-40
2.417594079169130827e-01 1.486536162631617405e-40
2.445616683452446483e-01 1.495537792185295194e-40
2.473964100886814066e-01 1.504836664409776976e-40
2.502640096417919069e-01 1.514399687712607916e-40
2.531648478631355337e-01 1.524281617638469379e-40
2.560993100258459609e-01 1.534448988089428162e-40
2.590677858688008595e-01 1.544958431896555606e-40
2.620706696483852682e-01 1.555776547737634718e-40
2.651083601908538756e-01 1.566960956371906287e-40
2.681812609453015361e-01 1.578479120091101141e-40
2.712897800372467416e-01 1.590391355415824347e-40
2.744343303228365394e-01 1.602665684332254005e-40
2.776153294436801144e-01 1.615365345345844584e-40
2.808331998823172526e-01 1.628458905430129924e-40
2.840883690183304000e-01 1.642008334194705978e-40
2.873812691851066470e-01 1.655985104910198677e-40
2.907123377272578524e-01 1.670454757218932281e-40
2.940820170587063465e-01 1.685390561472377126e-40
2.974907547214440395e-01 1.700858712330694461e-40
3.009390034449720974e-01 1.716835636198874085e-40
3.044272212064302874e-01 1.733388353015343988e-40
3.079558712914226559e-01 1.750497354681556957e-40
3.115254223555488089e-01 1.768229226732405989e-40
3.151363484866479547e-01 1.786570048640143286e-40
3.187891292677645927e-01 1.805585804492673838e-40
3.224842498408442282e-01 1.825269476621227718e-40
3.262222009711669979e-01 1.845687136651502961e-40
3.300034791125285305e-01 1.866839559935749095e-40
3.338285864731760921e-01 1.888790480923877920e-40
3.376980310825091203e-01 1.911550883853734992e-40
3.416123268585528616e-01 1.935180563314866947e-40
3.455719936762139399e-01 1.959703491336079325e-40
3.495775574363275129e-01 1.985176530603187521e-40
3.536295501355042892e-01 2.011638423368938697e-40
3.577285099367873422e-01 2.039138258556670352e-40
3.618749812411280464e-01 2.067734113447765038e-40
3.660695147596902399e-01 2.097468205743283941e-40
3.703126675869927165e-01 2.128420974475570655e-40
3.746050032748993175e-01 2.160622949030940597e-40
3.789470919074667821e-01 2.194182582637206565e-40
3.833395101766601254e-01 2.229115590331469592e-40
3.877828414589457595e-01 2.265564646949660740e-40
3.922776758927719598e-01 2.303528968063459213e-40
3.968246104569481680e-01 2.343191614334537224e-40
4.014242490499321803e-01 2.384527488374103500e-40
4.060772025700365440e-01 2.427769929889393311e-40
4.107840889965646558e-01 2.472867805851885673e-40
4.155455334718875515e-01 2.520113651049664584e-40
4.203621683844713797e-01 2.569416458643571919e-40
4.252346334528682159e-01 2.621143639032227413e-40
4.301635758106794882e-01 2.675161532364882892e-40
4.351496500925050026e-01 2.731926007629507169e-40
4.401935185208874501e-01 2.791245025373516850e-40
4.452958509942655518e-01 2.853683837346113148e-40
4.504573251759458330e-01 2.918980144522981036e-40
4.556786265841064054e-01 2.987831877089270953e-40
4.609604486828433600e-01 3.059888110025188542e-40
4.663034929742731483e-01 3.136009107945382848e-40
4.717084690917017209e-01 3.215732101984788420e-40
4.771760948938745805e-01 3.300116859379752228e-40
4.827070965603182939e-01 3.388561404716815234e-40
4.883022086877880086e-01 3.482370191411769590e-40
4.939621743878320759e-01 3.580765332977458987e-40
4.996877453854883799e-01 3.685353047280437832e-40
5.054796821191240852e-01 3.795133444779276476e-40
5.113387538414325695e-01 3.912085695082412660e-40
5.172657387216018643e-01 4.034932815597417909e-40
5.232614239486661489e-01 4.166113780030946938e-40
5.293266058360561743e-01 4.303993518875483948e-40
5.354620899273607737e-01 4.451584648798669555e-40
5.416686911033151697e-01 4.606799642805458681e-40
5.479472336900287344e-01 4.773364041137763938e-40
5.542985515684668574e-01 4.948606151753564528e-40
5.607234882852032420e-01 5.137142101495527609e-40
5.672228971644543982e-01 5.335548118228185565e-40
5.737976414214134291e-01 5.549553605968478619e-40
5.804485942768977669e-01 5.774766892542328337e-40
5.871766390733255125e-01 6.018306856862178141e-40
5.939826693920355893e-01 6.274513295119739857e-40
6.008675891719686968e-01 6.552246504281957979e-40
6.078323128297229427e-01 6.844172411596377216e-40
6.148777653810023613e-01 7.161334262293599694e-40
6.220048825634711953e-01 7.494219686915640988e-40
6.292146109610343707e-01 7.856582153103873339e-40
6.365079081295571539e-01 8.235987765625673505e-40
6.438857427240419762e-01 8.649566443104367395e-40
6.513490946272803006e-01 9.081037564628421855e-40
6.588989550799949635e-01 9.551674234377365106e-40
6.665363268124913088e-01 1.004008876236419520e-39
6.742622241778342129e-01 1.057259184577245198e-39
6.820776732865685421e-01 1.112101549927320120e-39
6.899837121430018039e-01 1.171772008183539264e-39
6.979813907830659803e-01 1.232571106140519281e-39
7.060717714137773049e-01 1.298443887029505747e-39
7.142559285543126357e-01 1.364564885076025389e-39
7.225349491787214085e-01 1.435690727805137622e-39
7.309099328602910450e-01 1.505601981662078128e-39
7.393819919175865785e-01 1.579966953157425645e-39
7.479522515621821466e-01 1.650947124739723731e-39
7.566218500481054487e-01 1.725207509005267017e-39
7.653919388230148169e-01 1.793188613236235558e-39
7.742636826811269968e-01 1.862626866926074805e-39
7.832382599179196214e-01 1.922372062029981144e-39
7.923168624866253618e-01 1.981286574016700584e-39
8.015006961565405152e-01 2.027100441262844597e-39
8.107909806731686819e-01 2.069781857083216667e-39
8.201889499202202893e-01 2.096716279955341491e-39
8.296958520834906148e-01 2.118806372065046055e-39
8.393129498166364000e-01 2.124022648743920947e-39
8.490415204088747059e-01 2.123770633362054464e-39
8.588828559546249908e-01 2.107400226908787365e-39
8.688382635251183927e-01 2.086148338173390963e-39
8.789090653419954213e-01 2.051224419519985115e-39
8.890965989529158175e-01 2.012915252243171364e-39
8.994022174092044519e-01 1.964408886591424098e-39
9.098272894455557980e-01 1.914382713779777028e-39
9.203731996618220723e-01 1.857863205860790270e-39
9.310413487069075789e-01 1.801551894406415882e-39
9.418331534647951253e-01 1.742077714967189605e-39
9.527500472427290479e-01 1.684107277326731256e-39
9.637934799615786030e-01 1.625612098690850412e-39
9.749649183484085935e-01 1.569404353970813354e-39
9.862658461312820979e-01 1.514570038717671686e-39
9.976977642363201726e-01 1.462363088075094069e-39
1.009262190987048502e+00 1.412785127698329451e-39
1.020960662306047650e+00 1.365854619728297351e-39
1.032794731918952547e+00 1.322319041391007686e-39
1.044765971560805307e+00 1.281255924035391660e-39
1.056875971184805030e+00 1.244018559442444407e-39
1.069126339173477103e+00 1.208984143703483861e-39
1.081518702552289213e+00 1.177992510396689089e-39
1.094054707205743604e+00 1.148909498576686765e-39
1.106736018095974439e+00 1.123965933171212962e-39
1.119564319483879355e+00 1.100657592687585149e-39
1.132541315152812755e+00 1.081528699425989748e-39
1.145668728634872569e+00 1.063810672744418030e-39
1.158948303439811811e+00 1.050300857394541546e-39
1.172381803286599800e+00 1.038044947600128706e-39
1.185971012337670549e+00 1.030043983044007842e-39
1.199717735435885446e+00 1.023220133971416704e-39
1.213623798344241722e+00 1.020739529248415473e-39
1.227691047988360484e+00 1.019452733498387530e-39
1.241921352701784720e+00 1.022655068208104456e-39
1.256316602474121469e+00 1.027176870346510269e-39
1.270878709202059476e+00 1.036406780489881665e-39
1.285609606943296512e+00 1.047212537339398444e-39
1.300511252173409904e+00 1.063033906859222758e-39
1.315585624045705115e+00 1.080848747358144097e-39
1.330834724654076151e+00 1.104088632849771428e-39
1.346260579298911075e+00 1.129942882279757106e-39
1.361865236756082842e+00 1.161746222665315482e-39
1.377650769549054965e+00 1.197044346166320417e-39
1.393619274224143556e+00 1.238934751960095233e-39
1.409772871628967694e+00 1.285530087988622675e-39
1.426113707194129887e+00 1.339464898426849920e-39
1.442643951218158804e+00 1.399724425918029729e-39
1.459365799155757593e+00 1.468113624316920374e-39
1.476281471909391074e+00 1.544926548417917624e-39
1.493393216124253353e+00 1.630535089528472189e-39
1.510703304486655574e+00 1.727150469680193426e-39
1.528214036025870914e+00 1.832769217921359206e-39
1.545927736419478560e+00 1.952310833434612346e-39
1.563846758302247730e+00 2.079886359221196543e-39
1.581973481578601515e+00 2.224107985253905650e-39
1.600310313738701806e+00 2.373034363746140158e-39
1.618859690178199306e+00 2.540038620563089768e-39
1.637624074521689010e+00 2.704407059598516390e-39
1.656605958949915136e+00 2.885282642312434662e-39
1.675807864530768798e+00 3.050723714421488186e-39
1.695232341554121502e+00 3.226525989870165687e-39
1.714881969870540868e+00 3.369408481245956994e-39
1.734759359233932541e+00 3.512442298457850878e-39
1.754867149648152047e+00 3.605573810322161074e-39
1.775208011717636092e+00 3.688744024083409501e-39
1.795784647002096834e+00 3.714105454069214758e-39
1.816599788375328650e+00 3.725077228727470966e-39
1.837656200388172456e+00 3.684741234596773847e-39
1.858956679635688225e+00 3.632976667464148692e-39
1.880504055128583429e+00 3.547677303296930802e-39
1.902301188668945819e+00 3.457688849573618824e-39
1.924350975230332272e+00 3.354875382574178183e-39
1.946656343342263229e+00 3.253322516301121033e-39
1.969220255479173565e+00 3.156174037756551687e-39
1.992045708453871189e+00 3.063522703003412867e-39
2.015135733815558439e+00 2.987125205903440062e-39
2.038493398252464228e+00 2.916256995388659049e-39
2.062121803999144465e+00 2.869121676147609870e-39
2.086024089248504687e+00 2.827696797823877744e-39
2.110203428568596440e+00 2.814910826461218659e-39
2.134663033324245340e+00 2.808429664186939849e-39
2.159406152103567678e+00 2.834489830823708522e-39
2.184436071149428393e+00 2.868897273560543162e-39
2.209756114795903059e+00 2.939855952722353427e-39
2.235369645909796699e+00 3.023664566644071630e-39
2.261280066337279404e+00 3.148834026144722548e-39
2.287490817355704031e+00 3.295051589011944231e-39
2.314005380130653933e+00 3.488332230389664943e-39
2.340827276178294447e+00 3.716059886842913844e-39
2.367960067833078774e+00 3.996187400166562217e-39
2.395407358720879287e+00 4.330494582204132868e-39
2.423172794237600680e+00 4.717147763593966680e-39
2.451260062033339793e+00 5.181985415507167848e-39
2.479672892502160053e+00 5.680124942826129268e-39
2.508415059277541381e+00 6.272666034097519376e-39
2.537490379733571721e+00 6.833469896982259767e-39
2.566902715491951703e+00 7.468992128621586026e-39
2.596655972934872381e+00 7.941215688633642492e-39
2.626754103723838440e+00 8.415203196715394885e-39
2.657201105324506596e+00 8.586571209439420397e-39
2.688001021537607560e+00 8.692016818848562182e-39
2.719157943036019098e+00 8.490312113763317926e-39
2.750676007908067433e+00 8.237752045983080829e-39
2.782559402207125832e+00 7.823520115269033083e-39
2.814812360507581435e+00 7.413999311520032613e-39
2.847439166467247595e+00 6.998627782048738739e-39
2.880444153396297668e+00 6.615724081119458415e-39
2.913831704832788638e+00 6.316927459961568889e-39
2.947606255124858521e+00 6.048651270864070676e-39
2.981772290019673477e+00 5.905415321785855683e-39
3.016334347259197468e+00 5.782677763249785219e-39
3.051297017182871052e+00 5.805645681225506920e-39
3.086664943337274369e+00 5.847648894862751101e-39
3.122442823092857811e+00 6.052311295834405548e-39
3.158635408267818967e+00 6.293032184923077522e-39
3.195247505759213791e+00 6.713829571041843148e-39
3.232283978181380579e+00 7.216150717523477748e-39
3.269749744511767808e+00 7.903303333009205169e-39
3.307649780744242651e+00 8.753110524042665156e-39
3.345989120549974771e+00 9.722628429936176107e-39
3.384772855945982872e+00 1.094432824209506418e-38
3.424006137971425723e+00 1.200815257828336288e-38
3.463694177371734462e+00 1.330373001054367859e-38
3.503842245290675894e+00 1.387181263105669071e-38
3.544455673970435594e+00 1.447866245312684923e-38
3.585539857459817181e+00 1.406292468406778019e-38
3.627100252330648367e+00 1.364473069929205778e-38
3.669142378402494131e+00 1.266670636278305651e-38
3.711671819475766743e+00 1.180501466177069418e-38
3.754694224073336972e+00 1.095649775100072048e-38
3.798215306190736218e+00 1.023021022058445596e-38
3.842240846055060999e+00 9.789920955775666740e-39
3.886776690892667752e+00 9.415981639877237364e-39
3.931828755705770284e+00 9.422339629565103397e-39
3.977403024058036696e+00 9.475528715555518849e-39
4.023505548869293236e+00 9.960689182582819272e-39
4.070142453219438572e+00 1.055168612655595105e-38
4.117319931161679492e+00 1.162569250758853783e-38
4.165044248545185290e+00 1.296908875251474764e-38
4.213321743847289191e+00 1.475718208432199708e-38
4.262158829015325168e+00 1.701208826296956291e-38
4.311561990318228510e+00 1.915152323429240480e-38
4.361537789208005833e+00 2.152217438415437411e-38
4.412092863191189984e+00 2.229685412015745145e-38
4.463233926710397093e+00 2.264953520715147779e-38
4.514967772036102112e+00 2.111547081937823655e-38
4.567301270168746541e+00 1.957925293663486618e-38
4.620241371751313331e+00 1.766847791974561559e-38
4.673795107992464004e+00 1.617077426798874647e-38
4.727969591600390764e+00 1.515696073386798670e-38
4.782772017727485725e+00 1.447719152738161780e-38
4.838209664925956943e+00 1.451674464415960946e-38
4.894289896114531579e+00 1.482796835726034374e-38
4.951020159556350997e+00 1.600419682892024617e-38
5.008407989848212338e+00 1.758983720979393124e-38
5.066461008921268494e+00 2.016936584659878020e-38
5.125186927053333008e+00 2.337993057399977987e-38
5.184593543892913381e+00 2.691137955967066911e-38
5.244688749495119318e+00 3.031260615544278847e-38
5.305480525369573819e+00 3.124467194245091420e-38
5.366976945540476329e+00 3.074593801105319421e-38
5.429186177618943177e+00 2.774436048280097401e-38
5.492116483887789613e+00 2.500459437656695844e-38
5.555776222398877806e+00 2.237177714893639653e-38
5.620173848083187984e+00 2.054954498981606560e-38
5.685317913873753071e+00 1.971232493136105928e-38
5.751217071841614015e+00 1.983639729518100953e-38
5.817880074344935259e+00 2.117803053751825948e-38
5.885315775191449994e+00 2.379759898749780386e-38
5.953533130814370189e+00 2.783269621114697303e-38
6.022541201461927507e+00 3.327617369222311208e-38
6.092349152400711176e+00 3.930581384606903699e-38
6.162966255132942273e+00 4.362345736533686898e-38
6.234401888627863819e+00 4.359919624289998896e-38
6.306665540567405692e+00 3.911378785814848302e-38
6.379766808606282424e+00 3.382332297795892932e-38
6.453715401646701544e+00 2.978433928697164395e-38
6.528521141127847649e+00 2.743188923285811373e-38
6.604193962330305645e+00 2.677512883682266525e-38
6.680743915695614987e+00 2.789264868857364131e-38
6.758181168161110364e+00 3.113047491724392269e-38
6.836516004510238886e+00 3.708213353710322297e-38
6.915758828738525210e+00 4.520125525606100537e-38
6.995920165435374649e+00 5.304565363636156979e-38
7.077010661181889262e+00 5.606812580013998511e-38
7.159041085964887863e+00 5.221505411471526397e-38
7.242022334607315592e+00 4.493232913455867990e-38
7.325965428215230446e+00 3.836629285810809634e-38
7.410881515641570161e+00 3.457239877437209709e-38
7.496781874966877091e+00 3.399294536408003337e-38
7.583677914997190683e+00 3.637759045622703589e-38
7.671581176779302069e+00 4.210086540867470695e-38
7.760503335133570602e+00 5.170037246456237485e-38
7.850456200204509294e+00 6.404857063386811311e-38
7.941451719029339884e+00 7.255113158199174107e-38
8.033501977124734239e+00 6.804008726157465132e-38
8.126619200091946382e+00 5.679341464605450991e-38
8.220815755240540312e+00 4.809690024786737973e-38
8.316104153230961415e+00 4.378788568157092428e-38
8.412497049736117560e+00 4.349167154543120052e-38
8.510007247122246099e+00 4.854325925431057154e-38
8.608647696149244410e+00 5.967523131821659858e-38
8.708431497690723333e+00 7.609110839651520357e-38
8.809371904473991322e+00 8.768542217478958399e-38
8.911482322840202031e+00 8.275192775365401961e-38
9.014776314524917566e+00 6.822665513078580541e-38
9.119267598459298796e+00 5.643722434735953114e-38
9.224970052592174952e+00 5.180708277951857285e-38
9.331897715733239451e+00 5.414576952158125396e-38
9.440064789417602853e+00 6.416129252000496632e-38
9.549485639791965852e+00 8.323207904655435284e-38
9.660174799522645017e+00 1.052674809048737311e-37
9.772146969725724830e+00 1.041132462550511019e-37
9.885417021919574054e+00 8.518267015118604456e-38
1.000000000000000000e+01 6.924307354541831952e-38
