1.000000000000000048e-04 5.328364665257544685e-33
1.011591112223829728e-04 5.059162482587303712e-33
1.023316578330244966e-04 4.803720551610121016e-33
1.035177955630176228e-04 4.561327554622072176e-33
1.047176819485520245e-04 4.331309337533000725e-33
1.059314763518370031e-04 4.113026949032658784e-33
1.071593399822671198e-04 3.905874784140671226e-33
1.084014359178331018e-04 3.709278826539342297e-33
1.096579291267809898e-04 3.522694984390744100e-33
1.109289864895222780e-04 3.345607514625932444e-33
1.122147768207980290e-04 3.177527530964632007e-33
1.135154708920999033e-04 3.017991591179730424e-33
1.148312414543511137e-04 2.866560359362929548e-33
1.161622632608501891e-04 2.722817339176857382e-33
1.175087130904807617e-04 2.586367674295319239e-33
1.188707697711903309e-04 2.456837012438184127e-33
1.202486142037412301e-04 2.333870429600965930e-33
1.216424293857368039e-04 2.217131411262315778e-33
1.230524004359261579e-04 2.106300887525812186e-33
1.244787146187906256e-04 2.001076319316252676e-33
1.259215613694150942e-04 1.901170832905598739e-33
1.273811323186478520e-04 1.806312400190240058e-33
1.288576213185518003e-04 1.716243062279890325e-33
1.303512244681508938e-04 1.630718194089503159e-33
1.318621401394748458e-04 1.549505807749637167e-33
1.333905690039058638e-04 1.472385892767971776e-33
1.349367140588306430e-04 1.399149790985696310e-33
1.365007806546013845e-04 1.329599604477399303e-33
1.380829765218092263e-04 1.263547634642427637e-33
1.396835117988739626e-04 1.200815850829582944e-33
1.413025990599533599e-04 1.141235386925931565e-33
1.429404533431761061e-04 1.084646064424498111e-33
1.445972921792019463e-04 1.030895940565221396e-33
1.462733356201129868e-04 9.798408802187193810e-34
1.479688062686396383e-04 9.313441502536507271e-34
1.496839293077255632e-04 8.852760351957616908e-34
1.514189325304352018e-04 8.415134730504562795e-34
1.531740463702079740e-04 7.999397102209987915e-34
1.549495039314631646e-04 7.604439745114946763e-34
1.567455410205595065e-04 7.229211652577887443e-34
1.585623961771137158e-04 6.872715596804511724e-34
1.604003107056819902e-04 6.534005346023762999e-34
1.622595287078087002e-04 6.212183027192251963e-34
1.641402971144466361e-04 5.906396626542102956e-34
1.660428657187529582e-04 5.615837620696657792e-34
1.679674872092653225e-04 5.339738731465944380e-34
1.699144172034625999e-04 5.077371797800326621e-34
1.718839142817145534e-04 4.828045758727910388e-34
1.738762400216250527e-04 4.591104741429497655e-34
1.758916590327732731e-04 4.365926248915673307e-34
1.779304389918577296e-04 4.151919442064785207e-34
1.799928506782476454e-04 3.948523511058801365e-34
1.820791680099462359e-04 3.755206131517619937e-34
1.841896680799710861e-04 3.571462000881614682e-34
1.863246311931559835e-04 3.396811450828341291e-34
1.884843409033795474e-04 3.230799131732558924e-34
1.906690840512252085e-04 3.072992765390340511e-34
1.928791508020777693e-04 2.922981962428024201e-34
1.951148346846616412e-04 2.780377101006342888e-34
1.973764326300255292e-04 2.644808263609331730e-34
1.996642450109793374e-04 2.515924228877400382e-34
2.019785756819878484e-04 2.393391515604701911e-34
2.043197320195270594e-04 2.276893476173035449e-34
2.066880249629082160e-04 2.166129436838557283e-34
2.090837690555749911e-04 2.060813882423992145e-34
2.115072824868794756e-04 1.960675683098053601e-34
2.139588871343421563e-04 1.865457361046094976e-34
2.164389086064020347e-04 1.774914394951669209e-34
2.189476762856620634e-04 1.688814560318307068e-34
2.214855233726359179e-04 1.606937303764540537e-34
2.240527869300018224e-04 1.529073149523435315e-34
2.266498079273692845e-04 1.455023136470936842e-34
2.292769312865648647e-04 1.384598284095400538e-34
2.319345059274427543e-04 1.317619085904082834e-34
2.346228848142262321e-04 1.253915028841384421e-34
2.373424250023866149e-04 1.193324137368393261e-34
2.400934876860651764e-04 1.135692540924159447e-34
2.428764382460450548e-04 1.080874063556179320e-34
2.456916462982790305e-04 1.028729834571125241e-34
2.485394857429798422e-04 9.791279191170298886e-35
2.514203348142796828e-04 9.319429676651062074e-35
2.543345761304648361e-04 8.870558834133997199e-35
2.572825967447932359e-04 8.443535066855494467e-35
2.602647881969004482e-04 8.037283154464207410e-35
2.632815465648020189e-04 7.650781411021834510e-35
2.663332725174980963e-04 7.283058987959226172e-35
2.694203713681882413e-04 6.933193314509815855e-35
2.725432531281027707e-04 6.600307668532551903e-35
2.757023325609582747e-04 6.283568871005964984e-35
2.788980292380439777e-04 5.982185097824740535e-35
2.821307675939470740e-04 5.695403802861791551e-35
2.854009769829237591e-04 5.422509746573054395e-35
2.887090917359234400e-04 5.162823124719651280e-35
2.920555512182745244e-04 4.915697792064024775e-35
2.954407998880379709e-04 4.680519576164002084e-35
2.988652873550382482e-04 4.456704676641594641e-35
3.023294684405776131e-04 4.243698145543441598e-35
3.058338032378431388e-04 4.040972444636927680e-35
3.093787571730136510e-04 3.848026075701471895e-35
3.129648010670750265e-04 3.664382280078516552e-35
3.165924111983520412e-04 3.489587803937203972e-35
3.202620693657650080e-04 3.323211725895973016e-35
3.239742629528195514e-04 3.164844343814119041e-35
3.277294849923381931e-04 3.014096117731817189e-35
3.315282342319423150e-04 2.870596666093346440e-35
3.353710152002928996e-04 2.733993812536006032e-35
3.392583382740992125e-04 2.603952680667423743e-35
3.431907197459042598e-04 2.480154834386849670e-35
3.471686818926559680e-04 2.362297461431928122e-35
3.511927530450727588e-04 2.250092597951884478e-35
3.552634676578139260e-04 2.143266392021136269e-35
3.593813663804625697e-04 2.041558404114735280e-35
3.635469961293317630e-04 1.944720942668640342e-35
3.677609101601030626e-04 1.852518432944297671e-35
3.720236681413065759e-04 1.764726817508445679e-35
3.763358362286532656e-04 1.681132986725612019e-35
3.806979871402283821e-04 1.601534237743070631e-35
3.851107002325568655e-04 1.525737760525840385e-35
3.895745615775500948e-04 1.453560149573238781e-35
3.940901640403447737e-04 1.384826940018484097e-35
3.986581073580438726e-04 1.319372166879348732e-35
4.032789982193705223e-04 1.257037946290752079e-35
4.079534503452448896e-04 1.197674077609984800e-35
4.126820845702952015e-04 1.141137665341857759e-35
4.174655289253134888e-04 1.087292759884804949e-35
4.223044187206672164e-04 1.036010016149890457e-35
4.271993966306776428e-04 9.871663691530195615e-36
4.321511127789761839e-04 9.406447257264466534e-36
4.371602248248502198e-04 8.963336715391696707e-36
4.422273980505897289e-04 8.541271926569904225e-36
4.473533054498462949e-04 8.139244109121645670e-36
4.525386278170166862e-04 7.756293323896311751e-36
4.577840538376616304e-04 7.391506083720216078e-36
4.630902801799736631e-04 7.044013081189991318e-36
4.684580115873045137e-04 6.712987028881886389e-36
4.738879609717650920e-04 6.397640606349589574e-36
4.793808495089107069e-04 6.097224508568447879e-36
4.849374067335233355e-04 5.811025590754330520e-36
4.905583706365045484e-04 5.538365104741931087e-36
4.962444877628913436e-04 5.278597022350711600e-36
5.019965133110079530e-04 5.031106441397787598e-36
5.078152112327670659e-04 4.795308070236086488e-36
5.137013543351339135e-04 4.570644786904200788e-36
5.196557243827657369e-04 4.356586269171696821e-36
5.256791122018419265e-04 4.152627691950902657e-36
5.317723177850966487e-04 3.958288488723978054e-36
5.379361503980697925e-04 3.773111173802714588e-36
5.441714286865887004e-04 3.596660222398689585e-36
5.504789807854967333e-04 3.428521005633211224e-36
5.568596444286409188e-04 3.268298777760844803e-36
5.633142670601351629e-04 3.115617713017110979e-36
5.698437059469136636e-04 2.970119989630890938e-36
5.764488282925873171e-04 2.831464918665452577e-36
5.831305113526218760e-04 2.699328115469006755e-36
5.898896425508493501e-04 2.573400711626943105e-36
5.967271195973310833e-04 2.453388605413284028e-36
6.036438506075863814e-04 2.339011748839190652e-36
6.106407542232036075e-04 2.230003469491316863e-36
6.177187597338488134e-04 2.126109825443195413e-36
6.248788072006888211e-04 2.027088991608499201e-36
6.321218475812448011e-04 1.932710675986434246e-36
6.394488428556943443e-04 1.842755564326764117e-36
6.468607661546327617e-04 1.757014791815480940e-36
6.543586018883235361e-04 1.675289440451508098e-36
6.619433458774394430e-04 1.597390060851426321e-36
6.696160054853222054e-04 1.523136217281663371e-36
6.773775997517752102e-04 1.452356054777461292e-36
6.852291595284064167e-04 1.384885887264569404e-36
6.931717276155407569e-04 1.320569805653399285e-36
7.012063589007183975e-04 1.259259304926558566e-36
7.093341204987996815e-04 1.200812929289159338e-36
7.175560918936927952e-04 1.145095934497486324e-36
7.258733650817253023e-04 1.091979966525347440e-36
7.342870447166765678e-04 1.041342755769101776e-36
7.427982482564917787e-04 9.930678260318277376e-37
7.514081061116969704e-04 9.470442175646831962e-37
7.601177617955330547e-04 9.031662234791569820e-37
7.689283720758312941e-04 8.613331388778100638e-37
7.778411071286489781e-04 8.214490220832726600e-37
7.868571506936851423e-04 7.834224673758974112e-37
7.959777002314985571e-04 7.471663886794720021e-37
8.052039670825478267e-04 7.125978136620450410e-37
8.145371766280745229e-04 6.796376877451503516e-37
8.239785684528520143e-04 6.482106875396178992e-37
8.335293965098195066e-04 6.182450432498791098e-37
8.431909292866259040e-04 5.896723696111686596e-37
8.529644499741025759e-04 5.624275049454091030e-37
8.628512566366895297e-04 5.364483579419151378e-37
8.728526623848379762e-04 5.116757617883468234e-37
8.829699955494092365e-04 4.880533352957246758e-37
8.932045998580968784e-04 4.655273506787530917e-37
9.035578346138930074e-04 4.440466076692949996e-37
9.140310748756232161e-04 4.235623136566010129e-37
9.246257116405742597e-04 4.040279695628746161e-37
9.353431520292386373e-04 3.853992611770111916e-37
9.461848194722001460e-04 3.676339556828724251e-37
9.571521538991865398e-04 3.506918031313370106e-37
9.682466119303123836e-04 3.345344426176034949e-37
9.794696670695395360e-04 3.191253129368429034e-37
9.908228099003797609e-04 3.044295675023661689e-37
1.002307548283865382e-03 2.904139933209822815e-37
1.013925407558815411e-03 2.770469338302078992e-37
1.025677930744421868e-03 2.642982154115064583e-37
1.037566678745185890e-03 2.521390774027575324e-37
1.049593230558227598e-03 2.405421054417583538e-37
1.061759183483000071e-03 2.294811679807190704e-37
1.074066153333433447e-03 2.189313558194878415e-37
1.086515774652538433e-03 2.088689245126261375e-37
1.099109700929497193e-03 1.992712395124777602e-37
1.111849604819271095e-03 1.901167239170583054e-37
1.124737178364752007e-03 1.813848086979410035e-37
1.137774133221491381e-03 1.730558852893590001e-37
1.150962200885032299e-03 1.651112604254892639e-37
1.164303132920876775e-03 1.575331131183499095e-37
1.177798701197119331e-03 1.503044536739381364e-37
1.191450698119775895e-03 1.434090846491836912e-37
1.205260936870842505e-03 1.368315636569912533e-37
1.219231251649110712e-03 1.305571679311245675e-37
1.233363497913775872e-03 1.245718605669330104e-37
1.247659552630869806e-03 1.188622583579766521e-37
1.262121314522547276e-03 1.134156011524503769e-37
1.276750704319265777e-03 1.082197226569767243e-37
1.291549665014883998e-03 1.032630226188164301e-37
1.306520162124721234e-03 9.853444032086682220e-38
1.321664183946605082e-03 9.402342932696880548e-38
1.336983741824946661e-03 8.971993341804714504e-38
1.352480870417875451e-03 8.561436366246353212e-38
1.368157627967471913e-03 8.169757656667840658e-38
1.384016096573131502e-03 7.796085325490447416e-38
1.400058382468097589e-03 7.439587962889418701e-38
1.416286616299198848e-03 7.099472746134550740e-38
1.432702953409831009e-03 6.774983637863534110e-38
1.449309574126216591e-03 6.465399669071422721e-38
1.466108684046984459e-03 6.170033302800985187e-38
1.483102514336104337e-03 5.888228874710889026e-38
1.500293322019218348e-03 5.619361106881229440e-38
1.517683390283405343e-03 5.362833691390147378e-38
1.535275028780422714e-03 5.118077940360335232e-38
1.553070573933460147e-03 4.884551499332222317e-38
1.571072389247450424e-03 4.661737120970314450e-38
1.589282865622978049e-03 4.449141496251881783e-38
1.607704421673823627e-03 4.246294140423280328e-38
1.626339504048192157e-03 4.052746331138194181e-38
1.645190587753662514e-03 3.868070096315457075e-38
1.664260176485903671e-03 3.691857249371127789e-38
1.683550802961202323e-03 3.523718469591110612e-38
1.703065029252844422e-03 3.363282425516841909e-38
1.722805447131393972e-03 3.210194939317588075e-38
1.742774678408919205e-03 3.064118190219242921e-38
1.762975375287205784e-03 2.924729955151062507e-38
1.783410220710008025e-03 2.791722884859121129e-38
1.804081928719382779e-03 2.664803813818245806e-38
1.824993244816152391e-03 2.543693102353378780e-38
1.846146946324547485e-03 2.428124009456516704e-38
1.867545842761075955e-03 2.317842094857217499e-38
1.889192776207666326e-03 2.212604648972814816e-38
1.911090621689137941e-03 2.112180149429613310e-38
1.933242287555045260e-03 2.016347742908158907e-38
1.955650715865949168e-03 1.924896751124723371e-38
1.978318882784164089e-03 1.837626199817237672e-38
2.001249798969036847e-03 1.754344369657384554e-38
2.024446509976803900e-03 1.674868368061522020e-38
2.047912096665085481e-03 1.599023720921559599e-38
2.071649675602069141e-03 1.526643983323121961e-38
2.095662399480432980e-03 1.457570368362347637e-38
2.119953457536071038e-03 1.391651393214509560e-38
2.144526075971667656e-03 1.328742541647627267e-38
2.169383518385184159e-03 1.268705942212183182e-38
2.194529086203313769e-03 1.211410061374295892e-38
2.219966119119954652e-03 1.156729410894208208e-38
2.245697995539773940e-03 1.104544268784721830e-38
2.271728133026905232e-03 1.054740413215623080e-38
2.298059988758851136e-03 1.007208868759815029e-38
2.324697059985648094e-03 9.618456644053816664e-39
2.351642884494348565e-03 9.185516027847962294e-39
2.378901041078893431e-03 8.772320400982739240e-39
2.406475150015424062e-03 8.377966762328266172e-39
2.434368873543110365e-03 8.001593546019440487e-39
2.462585916350546866e-03 7.642378712531435766e-39
2.491130026067788373e-03 7.299537928118225673e-39
2.520004993764092018e-03 6.972322828500988229e-39
2.549214654451422910e-03 6.660019362885953611e-39
2.578762887593801043e-03 6.361946214574678407e-39
2.608653617622547997e-03 6.077453294604985868e-39
2.638890814457510187e-03 5.805920305027158706e-39
2.669478494034320699e-03 5.546755368579198819e-39
2.700420718837772543e-03 5.299393721676029818e-39
2.731721598441376204e-03 5.063296467771837040e-39
2.763385290053169997e-03 4.837949388292244248e-39
2.795415999067856535e-03 4.622861808463938803e-39
2.827817979625341181e-03 4.417565515494103323e-39
2.860595535175741895e-03 4.221613726671102553e-39
2.893753019050950264e-03 4.034580105071040558e-39
2.927294835042816134e-03 3.856057820662972693e-39
2.961225437988034351e-03 3.685658654708393628e-39
2.995549334359812969e-03 3.523012145448812879e-39
3.030271082866396216e-03 3.367764773168658622e-39
3.065395295056526793e-03 3.219579182809957970e-39
3.100926635931926852e-03 3.078133442400068288e-39
3.136869824566876613e-03 2.943120335634810978e-39
3.173229634734976452e-03 2.814246687036415877e-39
3.210010895543171858e-03 2.691232718179305157e-39
3.247218492073128838e-03 2.573811433546820865e-39
3.284857366030043482e-03 2.461728034648759971e-39
3.322932516398971556e-03 2.354739361093423425e-39
3.361449000108765288e-03 2.252613357368437556e-39
3.400411932703706255e-03 2.155128564142566241e-39
3.439826489022924580e-03 2.062073632955898466e-39
3.479697903887691603e-03 1.973246863218350721e-39
3.520031472796678832e-03 1.888455760486601610e-39
3.560832552629277729e-03 1.807516615037312932e-39
3.602106562357070083e-03 1.730254099800116712e-39
3.643858983763544404e-03 1.656500886757226281e-39
3.686095362172158059e-03 1.586097280957966466e-39
3.728821307182833642e-03 1.518890871336002268e-39
3.772042493416997554e-03 1.454736197554647620e-39
3.815764661271248397e-03 1.393494432141565121e-39
3.859993617679767074e-03 1.335033077208337900e-39
3.904735236885560103e-03 1.279225675083032699e-39
3.949995461220642823e-03 1.225951532214972859e-39
3.995780301895269192e-03 1.175095455740581103e-39
4.042095839796309639e-03 1.126547502127430543e-39
4.088948226294864159e-03 1.080202737340621875e-39
4.136343684063278035e-03 1.035961008001212294e-39
4.184288507901584922e-03 9.937267230311036352e-40
4.232789065573553354e-03 9.534086453019836042e-40
4.281851798652415615e-03 9.149196928283140267e-40
4.331483223376403000e-03 8.781767490655659835e-40
4.381689931514195016e-03 8.431004818951725538e-40
4.432478591240400501e-03 8.096151708969901759e-40
4.483855948021191196e-03 7.776485425284761620e-40
4.535828825510191016e-03 7.471316128473910996e-40
4.588404126454761513e-03 7.179985374315363855e-40
4.641588833612782412e-03 6.901864681650780543e-40
4.695390010680062544e-03 6.636354165761925231e-40
4.749814803228504315e-03 6.382881234253387618e-40
4.804870439655133628e-03 6.140899342573027116e-40
4.860564232142139222e-03 5.909886806433760395e-40
4.916903577628031589e-03 5.689345668526480002e-40
4.973895958790068052e-03 5.478800617033985847e-40
5.031548945038056761e-03 5.277797953570551537e-40
5.089870193519685330e-03 5.085904608281052886e-40
5.148867450137497269e-03 4.902707199937885600e-40
5.208548550577665401e-03 4.727811138973384719e-40
5.268921421350676766e-03 4.560839771480346956e-40
5.329994080844092930e-03 4.401433562303667597e-40
5.391774640387505396e-03 4.249249315432528020e-40
5.454271305329836186e-03 4.103959429984817283e-40
5.517492376129128420e-03 3.965251190153969827e-40
5.581446249454966556e-03 3.832826087563409708e-40
5.646141419303672866e-03 3.706399174545093782e-40
5.711586478126434545e-03 3.585698446926899321e-40
5.777790117970507157e-03 3.470464254978518922e-40
5.844761131633637551e-03 3.360448741227620392e-40
5.912508413831881436e-03 3.255415303917052694e-40
5.981040962380944001e-03 3.155138084930424062e-40
6.050367879391223974e-03 3.059401481067095125e-40
6.120498372476702517e-03 2.967999677599022342e-40
6.191441755977847815e-03 2.880736203090854178e-40
6.263207452198692356e-03 2.797423504511361192e-40
6.335804992658253774e-03 2.717882541708904118e-40
6.409244019356457114e-03 2.641942400366118854e-40
6.483534286054726779e-03 2.569439922589578939e-40
6.558685659571435525e-03 2.500219354328856916e-40
6.634708121092351002e-03 2.434132008856354299e-40
6.711611767496287149e-03 2.371035945574471797e-40
6.789406812696112230e-03 2.310795663450271138e-40
6.868103588995307790e-03 2.253281808409840633e-40
6.947712548460239883e-03 2.198370894055179117e-40
7.028244264308352446e-03 2.145945035095530427e-40
7.109709432312438099e-03 2.095891692912993394e-40
7.192118872221192789e-03 2.048103432708729160e-40
7.275483529196232965e-03 2.002477691701479603e-40
7.359814475265771296e-03 1.958916557874229019e-40
7.445122910795143496e-03 1.917326558787928541e-40
7.531420165974375344e-03 1.877618460003216695e-40
7.618717702322998914e-03 1.839707072672025537e-40
7.707027114212303652e-03 1.803511069881031788e-40
7.796360130405236531e-03 1.768952811348007680e-40
7.886728615614155974e-03 1.735958176090330600e-40
7.978144572076628638e-03 1.704456402702384784e-40
8.070620141149507584e-03 1.674379936895094450e-40
8.164167604921472240e-03 1.645664285966748111e-40
8.258799387844271284e-03 1.618247879889344778e-40
8.354528058382871408e-03 1.592071938709114340e-40
8.451366330684721012e-03 1.567080345973657018e-40
8.549327066268383804e-03 1.543219527911235776e-40
8.648423275731726215e-03 1.520438338100311663e-40
8.748668120479913615e-03 1.498687947379369489e-40
8.850074914473439122e-03 1.477921738758463594e-40
8.952657125996400095e-03 1.458095207104830330e-40
9.056428379445294677e-03 1.439165863385282349e-40
9.161402457138520528e-03 1.421093143258017267e-40
9.267593301146882789e-03 1.403838319815934327e-40
9.375015015145289968e-03 1.387364420292574338e-40
9.483681866285927423e-03 1.371636146550421759e-40
9.593608287093146128e-03 1.356619799179511539e-40
9.704808877380306092e-03 1.342283205042141218e-40
9.817298406188841586e-03 1.328595648106970033e-40
9.931091813749801447e-03 1.315527803422924077e-40
1.004620421346813161e-02 1.303051674090151764e-40
1.016265089392995140e-02 1.291140531091775347e-40
1.028044732093309765e-02 1.279768855856388965e-40
1.039960913954120388e-02 1.268912285427188251e-40
1.052015217616159015e-02 1.258547560119255430e-40
1.064209244064724669e-02 1.248652473551933704e-40
1.076544612842315896e-02 1.239205824948369333e-40
1.089022962263730583e-02 1.230187373599207235e-40
1.101645949633657008e-02 1.221577795392129671e-40
1.114415251466788215e-02 1.213358641313389252e-40
1.127332563710487130e-02 1.205512297831769111e-40
1.140399601970033122e-02 1.198021949079479184e-40
1.153618101736478448e-02 1.190871540748377831e-40
1.166989818617147553e-02 1.184045745623639290e-40
1.180516528568805595e-02 1.177529930680516419e-40
1.194200028133532432e-02 1.171310125673235638e-40
1.208042134677328981e-02 1.165372993148289976e-40
1.222044686631488727e-02 1.159705799817480574e-40
1.236209543736769070e-02 1.154296389228987653e-40
1.250538587290391315e-02 1.149133155677569275e-40
1.265033720395903824e-02 1.144205019297658117e-40
1.279696868215941634e-02 1.139501402285686461e-40
1.294529978227916024e-02 1.135012206200408185e-40
1.309535020482667685e-02 1.130727790292314508e-40
1.324713987866117486e-02 1.126638950815468163e-40
1.340068896363950761e-02 1.122736901277197356e-40
1.355601785329368925e-02 1.119013253583113905e-40
1.371314717753945554e-02 1.115460000036863273e-40
1.387209780541620932e-02 1.112069496155847402e-40
1.403289084785873213e-02 1.108834444265926369e-40
1.419554766050101606e-02 1.105747877839794101e-40
1.436008984651260603e-02 1.102803146545306205e-40
1.452653925946781159e-02 1.099993901971598910e-40
1.469491800624817164e-02 1.097314084002270668e-40
1.486524844997857107e-02 1.094757907806313714e-40
1.503755321299738400e-02 1.092319851418804275e-40
1.521185517986104775e-02 1.089994643884636016e-40
1.538817750038346324e-02 1.087777253939788698e-40
1.556654359271062056e-02 1.085662879205792246e-40
1.574697714643086624e-02 1.083646935874138216e-40
1.592950212572123020e-02 1.081725048858461577e-40
1.611414277253019750e-02 1.079893042393305772e-40
1.630092360979741237e-02 1.078146931059264631e-40
1.648986944471064753e-02 1.076482911215193775e-40
1.668100537200059227e-02 1.074897352819072019e-40
1.687435677727375585e-02 1.073386791619928482e-40
1.706994934038407949e-02 1.071947921704045008e-40
1.726780903884355886e-02 1.070577588379405892e-40
1.746796215127245644e-02 1.069272781383103478e-40
1.767043526088946798e-02 1.068030628397083372e-40
1.787525525904235316e-02 1.066848388858303621e-40
1.808244934877951612e-02 1.065723448049982214e-40
1.829204504846293836e-02 1.064653311461242163e-40
1.850407019542302245e-02 1.063635599403018555e-40
1.871855294965579092e-02 1.062668041868652287e-40
1.893552179756295348e-02 1.061748473628118447e-40
1.915500555573527997e-02 1.060874829545336918e-40
1.937703337477988952e-02 1.060045140108498888e-40
1.960163474319185847e-02 1.059257527163787510e-40
1.982883949127071249e-02 1.058510199843319976e-40
2.005867779508234069e-02 1.057801450678548310e-40
2.029118018046677935e-02 1.057129651890754295e-40
2.052637752709252084e-02 1.056493251850654172e-40
2.076430107255774690e-02 1.055890771699494233e-40
2.100498241653915230e-02 1.055320802124359755e-40
2.124845352498882720e-02 1.054782000280751073e-40
2.149474673437980557e-02 1.054273086855799344e-40
2.174389475600079988e-02 1.053792843265795095e-40
2.199593068030074663e-02 1.053340108981980405e-40
2.225088798128369363e-02 1.052913778978850203e-40
2.250880052095461867e-02 1.052512801299446370e-40
2.276970255381680075e-02 1.052136174732399920e-40
2.303362873142131284e-02 1.051782946595696775e-40
2.330061410696924670e-02 1.051452210622386947e-40
2.357069413996727703e-02 1.051143104943663504e-40
2.384390470093720321e-02 1.050854810164951379e-40
2.412028207618006903e-02 1.050586547530838410e-40
2.439986297259550199e-02 1.050337577174881220e-40
2.468268452255692469e-02 1.050107196450486369e-40
2.496878428884326609e-02 1.049894738339251973e-40
2.525820026962784584e-02 1.049699569933307906e-40
2.555097090352506997e-02 1.049521090988367048e-40
2.584713507469563881e-02 1.049358732544326909e-40
2.614673211801091940e-02 1.049211955610429334e-40
2.644980182427720053e-02 1.049080249912105356e-40
2.675638444552045150e-02 1.048963132696769633e-40
2.706652070033241375e-02 1.048860147595958866e-40
2.738025177927857698e-02 1.048770863541313957e-40
2.769761935036891068e-02 1.048694873732038875e-40
2.801866556459195468e-02 1.048631794651558888e-40
2.834343306151309444e-02 1.048581265131218899e-40
2.867196497493769772e-02 1.048542945458955403e-40
2.900430493863991738e-02 1.048516516530971017e-40
2.934049709215787172e-02 1.048501679044534946e-40
2.968058608665602449e-02 1.048498152730109214e-40
3.002461709085549324e-02 1.048505675621099804e-40
3.037263579703311511e-02 1.048524003359593830e-40
3.072468842709003348e-02 1.048552908536527882e-40
3.108082173869063797e-02 1.048592180064805296e-40
3.144108303147264555e-02 1.048641622583946331e-40
3.180552015332920035e-02 1.048701055894920135e-40
3.217418150676371741e-02 1.048770314423873198e-40
3.254711605531847990e-02 1.048849246713525712e-40
3.292437333007768724e-02 1.048937714941069637e-40
3.330600343624588733e-02 1.049035594461448166e-40
3.369205705980267418e-02 1.049142773374959071e-40
3.408258547423451829e-02 1.049259152118166852e-40
3.447764054734463873e-02 1.049384643077162213e-40
3.487727474814177747e-02 1.049519170222240855e-40
3.528154115380883332e-02 1.049662668763139828e-40
3.569049345675229939e-02 1.049815084823986422e-40
3.610418597173337130e-02 1.049976375137170239e-40
3.652267364308175307e-02 1.050146506755382933e-40
3.694601205199302130e-02 1.050325456781107632e-40
3.737425742391064371e-02 1.050513212112867594e-40
3.780746663599349189e-02 1.050709769207593578e-40
3.824569722466999305e-02 1.050915133858479032e-40
3.868900739327975347e-02 1.051129320987744780e-40
3.913745601980384015e-02 1.051352354453746541e-40
3.959110266468458816e-02 1.051584266871900382e-40
4.005000757873611317e-02 1.051825099448911848e-40
4.051423171114647281e-02 1.052074901829842398e-40
4.098383671757261509e-02 1.052333731957546192e-40
4.145888496832911274e-02 1.052601655944054300e-40
4.193943955667186335e-02 1.052878747953496669e-40
4.242556430717776828e-02 1.053165090096165848e-40
4.291732378422157684e-02 1.053460772333372332e-40
4.341478330055092288e-02 1.053765892392726746e-40
4.391800892596085804e-02 1.054080555693536034e-40
4.442706749606882555e-02 1.054404875281991688e-40
4.494202662119142072e-02 1.054738971775867591e-40
4.546295469532399269e-02 1.055082973318445862e-40
4.598992090522438514e-02 1.055437015541411525e-40
4.652299523960189143e-02 1.055801241536474981e-40
4.706224849841281199e-02 1.056175801835489814e-40
4.760775230226368254e-02 1.056560854398852633e-40
4.815957910192350533e-02 1.056956564611980224e-40
4.871780218794630885e-02 1.057363105289681099e-40
4.928249570040513228e-02 1.057780656688238316e-40
4.985373463873893352e-02 1.058209406525047385e-40
5.043159487171358646e-02 1.058649550005652847e-40
5.101615314749833457e-02 1.059101289858039974e-40
5.160748710385907462e-02 1.059564836374061275e-40
5.220567527846975420e-02 1.060040407457867714e-40
5.281079711934331261e-02 1.060528228681242474e-40
5.342293299538352497e-02 1.061028533345733890e-40
5.404216420705915125e-02 1.061541562551501692e-40
5.466857299720180585e-02 1.062067565272787248e-40
5.530224256192900478e-02 1.062606798439949285e-40
5.594325706169377826e-02 1.063159527027985151e-40
5.659170163246242391e-02 1.063726024151497441e-40
5.724766239702178822e-02 1.064306571166047071e-40
5.791122647641758214e-02 1.064901457775861173e-40
5.858248200152536139e-02 1.065510982147859530e-40
5.926151812475552449e-02 1.066135451031977924e-40
5.994842503189409116e-02 1.066775179887767615e-40
6.064329395408061402e-02 1.067430493017264803e-40
6.134621717992506246e-02 1.068101723704123589e-40
6.205728806776500406e-02 1.068789214359017288e-40
6.277660105806499857e-02 1.069493316671315665e-40
6.350425168595962011e-02 1.070214391767057260e-40
6.424033659394190465e-02 1.070952810373238399e-40
6.498495354469888130e-02 1.071708952988443792e-40
6.573820143409585259e-02 1.072483210059858062e-40
6.650018030431117944e-02 1.073275982166697144e-40
6.727099135712336087e-02 1.074087680210104646e-40
6.805073696735206012e-02 1.074918725609564728e-40
6.883952069645496441e-02 1.075769550505892301e-40
6.963744730628222690e-02 1.076640597970862301e-40
7.044462277299036457e-02 1.077532322223544134e-40
7.126115430111745752e-02 1.078445188853418956e-40
7.208715033782135684e-02 1.079379675050361388e-40
7.292272058728312134e-02 1.080336269841562915e-40
7.376797602527730702e-02 1.081315474335496706e-40
7.462302891391107973e-02 1.082317801973013988e-40
7.548799281653431614e-02 1.083343778785674520e-40
7.636298261282241373e-02 1.084393943661418456e-40
7.724811451403400253e-02 1.085468848617689692e-40
7.814350607844541829e-02 1.086569059082131420e-40
7.904927622696419909e-02 1.087695154180968495e-40
7.996554525892346499e-02 1.088847727035215269e-40
8.089243486805938743e-02 1.090027385064831653e-40
8.183006815867389927e-02 1.091234750300970158e-40
8.277856966198472721e-02 1.092470459706460305e-40
8.373806535266489770e-02 1.093735165504672142e-40
8.470868266557401993e-02 1.095029535516920167e-40
8.569055051268346934e-02 1.096354253508564659e-40
8.668379930019773361e-02 1.097710019543973354e-40
8.768856094587426653e-02 1.099097550350520875e-40
8.870496889654402861e-02 1.100517579691793729e-40
8.973315814583519845e-02 1.101970858750192977e-40
9.077326525210223374e-02 1.103458156519111143e-40
9.182542835656282154e-02 1.104980260204888935e-40
9.288978720164497993e-02 1.106537975638740991e-40
9.396648314954690606e-02 1.108132127698862944e-40
9.505565920101191613e-02 1.109763560742927372e-40
9.615746001432096124e-02 1.111433139051187869e-40
9.727203192450536995e-02 1.113141747280415715e-40
9.839952296278225985e-02 1.114890290928897161e-40
9.954008287621518569e-02 1.116679696812729055e-40
1.006938631476027024e-01 1.118510913553653262e-40
1.018610170155975214e-01 1.120384912078686172e-40
1.030416994950587445e-01 1.122302686131789849e-40
1.042360673976401170e-01 1.124265252797856018e-40
1.054442793526168404e-01 1.126273653039266556e-40
1.066664958279538722e-01 1.128328952245313529e-40
1.079028791516183639e-01 1.130432240794756492e-40
1.091535935331391094e-01 1.132584634631815606e-40
1.104188050854160164e-01 1.134787275855891539e-40
1.116986818467822634e-01 1.137041333325328440e-40
1.129933938033221702e-01 1.139348003275522589e-40
1.143031129114478600e-01 1.141708509951710534e-40
1.156280131207375328e-01 1.144124106256759928e-40
1.169682703970384707e-01 1.146596074414303791e-40
1.183240627458378019e-01 1.149125726647563456e-40
1.196955702359042834e-01 1.151714405874219879e-40
1.210829750232039481e-01 1.154363486417694660e-40
1.224864613750930725e-01 1.157074374735210895e-40
1.239062156947915577e-01 1.159848510163025359e-40
1.253424265461399456e-01 1.162687365679213144e-40
1.267952846786433996e-01 1.165592448684413005e-40
1.282649830528059809e-01 1.168565301800943259e-40
1.297517168657586761e-01 1.171607503690704862e-40
1.312556835771842845e-01 1.174720669892310272e-40
1.327770829355429116e-01 1.177906453677871014e-40
1.343161170046015263e-01 1.181166546929902760e-40
1.358729901902709092e-01 1.184502681038806327e-40
1.374479092677536596e-01 1.187916627821401141e-40
1.390410834090069769e-01 1.191410200460995465e-40
1.406527242105236331e-01 1.194985254469489325e-40
1.422830457214351862e-01 1.198643688672019910e-40
1.439322644719406574e-01 1.202387446214669641e-40
1.456005995020648591e-01 1.206218515595770764e-40
1.472882723907501801e-01 1.210138931721349696e-40
1.489955072852853779e-01 1.214150776985273311e-40
1.507225309310755434e-01 1.218256182374666108e-40
1.524695727017572888e-01 1.222457328601184914e-40
1.542368646296627399e-01 1.226756447258749819e-40
1.560246414366368017e-01 1.231155822008345341e-40
1.578331405652116382e-01 1.235657789790519676e-40
1.596626022101425013e-01 1.240264742066220681e-40
1.615132693503091299e-01 1.244979126086636855e-40
1.633853877809862132e-01 1.249803446192697848e-40
1.652792061464895546e-01 1.254740265144949669e-40
1.671949759731990170e-01 1.259792205484481151e-40
1.691329517029648843e-01 1.264961950925645379e-40
1.710933907269015231e-01 1.270252247781306296e-40
1.730765534195725930e-01 1.275665906421362313e-40
1.750827031735725237e-01 1.281205802765330793e-40
1.771121064345088647e-01 1.286874879809776440e-40
1.791650327363901452e-01 1.292676149191397810e-40
1.812417547374237659e-01 1.298612692786604774e-40
1.833425482562290598e-01 1.304687664348424988e-40
1.854676923084699336e-01 1.310904291181622145e-40
1.876174691439121411e-01 1.317265875856906918e-40
1.897921642839101308e-01 1.323775797965144958e-40
1.919920665593284892e-01 1.330437515912513017e-40
1.942174681489026444e-01 1.337254568757530189e-40
1.964686646180446583e-01 1.344230578090960403e-40
1.987459549580983809e-01 1.351369249959574954e-40
2.010496416260499075e-01 1.358674376834795059e-40
2.033800305846981960e-01 1.366149839627265824e-40
2.057374313432913659e-01 1.373799609748428313e-40
2.081221569986339281e-01 1.381627751220180663e-40
2.105345242766706038e-01 1.389638422833755081e-40
2.129748535745520921e-01 1.397835880358955105e-40
2.154434690031884481e-01 1.406224478804919934e-40
2.179406984302955930e-01 1.414808674733629931e-40
2.204668735239409816e-01 1.423593028627367430e-40
2.230223297965938656e-01 1.432582207311398947e-40
2.256074066496861485e-01 1.441780986433165310e-40
2.282224474186898555e-01 1.451194252999290052e-40
2.308677994187169624e-01 1.460827007971762748e-40
2.335438139906479416e-01 1.470684368924668602e-40
2.362508465477947683e-01 1.480771572762877025e-40
2.389892566231050230e-01 1.491093978504140067e-40
2.417594079169130827e-01 1.501657070126065423e-40
2.445616683452446483e-01 1.512466459479488082e-40
2.473964100886814066e-01 1.523527889269784873e-40
2.502640096417919069e-01 1.534847236107711856e-40
2.531648478631355337e-01 1.546430513631385869e-40
2.560993100258459609e-01 1.558283875701076456e-40
2.590677858688008595e-01 1.570413619668493313e-40
2.620706696483852682e-01 1.582826189722316827e-40
2.651083601908538756e-01 1.595528180311737596e-40
2.681812609453015361e-01 1.608526339649837758e-40
2.712897800372467416e-01 1.621827573298661166e-40
2.744343303228365394e-01 1.635438947837884743e-40
2.776153294436801144e-01 1.649367694619040671e-40
2.808331998823172526e-01 1.663621213607277155e-40
2.840883690183304000e-01 1.678207077312706324e-40
2.873812691851066470e-01 1.693133034813424298e-40
2.907123377272578524e-01 1.708407015872334953e-40
2.940820170587063465e-01 1.724037135149978448e-40
2.974907547214440395e-01 1.740031696515588434e-40
3.009390034449720974e-01 1.756399197458674417e-40
3.044272212064302874e-01 1.773148333603474542e-40
3.079558712914226559e-01 1.790288003328672739e-40
3.115254223555488089e-01 1.807827312494838058e-40
3.151363484866479547e-01 1.825775579282095753e-40
3.187891292677645927e-01 1.844142339140599682e-40
3.224842498408442282e-01 1.862937349856439585e-40
3.262222009711669979e-01 1.882170596735666977e-40
3.300034791125285305e-01 1.901852297909205765e-40
3.338285864731760921e-01 1.921992909761452473e-40
3.376980310825091203e-01 1.942603132485458794e-40
3.416123268585528616e-01 1.963693915767644301e-40
3.455719936762139399e-01 1.985276464605063372e-40
3.495775574363275129e-01 2.007362245258310358e-40
3.536295501355042892e-01 2.029962991343230215e-40
3.577285099367873422e-01 2.053090710064669913e-40
3.618749812411280464e-01 2.076757688595582654e-40
3.660695147596902399e-01 2.100976500604872711e-40
3.703126675869927165e-01 2.125760012937448721e-40
3.746050032748993175e-01 2.151121392450038030e-40
3.789470919074667821e-01 2.177074113006388525e-40
3.833395101766601254e-01 2.203631962635578216e-40
3.877828414589457595e-01 2.230809050857233521e-40
3.922776758927719598e-01 2.258619816177547418e-40
3.968246104569481680e-01 2.287079033760081528e-40
4.014242490499321803e-01 2.316201823275431700e-40
4.060772025700365440e-01 2.346003656933910846e-40
4.107840889965646558e-01 2.376500367705542268e-40
4.155455334718875515e-01 2.407708157731706079e-40
4.203621683844713797e-01 2.439643606932920361e-40
4.252346334528682159e-01 2.472323681817331729e-40
4.301635758106794882e-01 2.505765744494588617e-40
4.351496500925050026e-01 2.539987561899885656e-40
4.401935185208874501e-01 2.575007315233085755e-40
4.452958509942655518e-01 2.610843609617930916e-40
4.504573251759458330e-01 2.647515483986475152e-40
4.556786265841064054e-01 2.685042421193985862e-40
4.609604486828433600e-01 2.723444358369692139e-40
4.663034929742731483e-01 2.762741697508886548e-40
4.717084690917017209e-01 2.802955316311981140e-40
4.771760948938745805e-01 2.844106579276316231e-40
4.827070965603182939e-01 2.886217349046573117e-40
4.883022086877880086e-01 2.929309998029857226e-40
4.939621743878320759e-01 2.973407420281591990e-40
4.996877453854883799e-01 3.018533043668560363e-40
5.054796821191240852e-01 3.064710842315548290e-40
5.113387538414325695e-01 3.111965349342194987e-40
5.172657387216018643e-01 3.160321669896828983e-40
5.232614239486661489e-01 3.209805494494210035e-40
5.293266058360561743e-01 3.260443112664261333e-40
5.354620899273607737e-01 3.312261426919035510e-40
5.416686911033151697e-01 3.365287967045361446e-40
5.479472336900287344e-01 3.419550904730733080e-40
5.542985515684668574e-01 3.475079068530219183e-40
5.607234882852032420e-01 3.531901959182377829e-40
5.672228971644543982e-01 3.590049765282249798e-40
5.737976414214134291e-01 3.649553379319820820e-40
5.804485942768977669e-01 3.710444414092436786e-40
5.871766390733255125e-01 3.772755219499899517e-40
5.939826693920355893e-01 3.836518899731167263e-40
6.008675891719686968e-01 3.901769330851794948e-40
6.078323128297229427e-01 3.968541178801447383e-40
6.148777653810023613e-01 4.036869917811066234e-40
6.220048825634711953e-01 4.106791849249431384e-40
6.292146109610343707e-01 4.178344120909213791e-40
6.365079081295571539e-01 4.251564746742653623e-40
6.438857427240419762e-01 4.326492627057454267e-40
6.513490946272803006e-01 4.403167569183539849e-40
6.588989550799949635e-01 4.481630308621732595e-40
6.665363268124913088e-01 4.561922530685493615e-40
6.742622241778342129e-01 4.644086892647322584e-40
6.820776732865685421e-01 4.728167046401506385e-40
6.899837121430018039e-01 4.814207661655299972e-40
6.979813907830659803e-01 4.902254449660837996e-40
7.060717714137773049e-01 4.992354187500406123e-40
7.142559285543126357e-01 5.084554742937942383e-40
7.225349491787214085e-01 5.178905099850010021e-40
7.309099328602910450e-01 5.275455384249720694e-40
7.393819919175865785e-01 5.374256890917453885e-40
7.479522515621821466e-01 5.475362110652514495e-40
7.566218500481054487e-01 5.578824758160188707e-40
7.653919388230148169e-01 5.684699800589071717e-40
7.742636826811269968e-01 5.793043486733723668e-40
7.832382599179196214e-01 5.903913376918305541e-40
7.923168624866253618e-01 6.017368373576936491e-40
8.015006961565405152e-01 6.133468752547120949e-40
8.107909806731686819e-01 6.252276195092804285e-40
8.201889499202202893e-01 6.373853820674123947e-40
8.296958520834906148e-01 6.498266220481203607e-40
8.393129498166364000e-01 6.625579491749882703e-40
8.490415204088747059e-01 6.755861272877524162e-40
8.588828559546249908e-01 6.889180779357640982e-40
8.688382635251183927e-01 7.025608840552380062e-40
8.789090653419954213e-01 7.165217937322407392e-40
8.890965989529158175e-01 7.308082240534195461e-40
8.994022174092044519e-01 7.454277650465187674e-40
9.098272894455557980e-01 7.603881837127719104e-40
9.203731996618220723e-01 7.756974281533189581e-40
9.310413487069075789e-01 7.913636317918346427e-40
9.418331534647951253e-01 8.073951176956161408e-40
9.527500472427290479e-01 8.238004029974210623e-40
9.637934799615786030e-01 8.405882034204111225e-40
9.749649183484085935e-01 8.577674379085972625e-40
9.862658461312820979e-01 8.753472333652553948e-40
9.976977642363201726e-01 8.933369295018217515e-40
1.009262190987048502e+00 9.117460837998538152e-40
1.020960662306047650e+00 9.305844765886724995e-40
1.032794731918952547e+00 9.498621162414216400e-40
1.044765971560805307e+00 9.695892444922586698e-40
1.056875971184805030e+00 9.897763418775357045e-40
1.069126339173477103e+00 1.010434133303847881e-39
1.081518702552289213e+00 1.031573593745908989e-39
1.094054707205743604e+00 1.053205954077281979e-39
1.106736018095974439e+00 1.075342707037062066e-39
1.119564319483879355e+00 1.097995613335684215e-39
1.132541315152812755e+00 1.121176707903094015e-39
1.145668728634872569e+00 1.144898306282605764e-39
1.158948303439811811e+00 1.169173011173846298e-39
1.172381803286599800e+00 1.194013719128253270e-39
1.185971012337670549e+00 1.219433627400691005e-39
1.199717735435885446e+00 1.245446240960826043e-39
1.213623798344241722e+00 1.272065379667979824e-39
1.227691047988360484e+00 1.299305185613276640e-39
1.241921352701784720e+00 1.327180130632982470e-39
1.256316602474121469e+00 1.355705023997036477e-39
1.270878709202059476e+00 1.384895020276846340e-39
1.285609606943296512e+00 1.414765627396534189e-39
1.300511252173409904e+00 1.445332714871915879e-39
1.315585624045705115e+00 1.476612522241577401e-39
1.330834724654076151e+00 1.508621667694546313e-39
1.346260579298911075e+00 1.541377156899116452e-39
1.361865236756082842e+00 1.574896392037547634e-39
1.377650769549054965e+00 1.609197181051411145e-39
1.393619274224143556e+00 1.644297747102513852e-39
1.409772871628967694e+00 1.680216738254412177e-39
1.426113707194129887e+00 1.716973237379672572e-39
1.442643951218158804e+00 1.754586772298133646e-39
1.459365799155757593e+00 1.793077326151556905e-39
1.476281471909391074e+00 1.832465348020181626e-39
1.493393216124253353e+00 1.872771763786820414e-39
1.510703304486655574e+00 1.914017987254269040e-39
1.528214036025870914e+00 1.956225931521937911e-39
1.545927736419478560e+00 1.999418020627746305e-39
1.563846758302247730e+00 2.043617201461464374e-39
1.581973481578601515e+00 2.088846955955842908e-39
1.600310313738701806e+00 2.135131313561981123e-39
1.618859690178199306e+00 2.182494864015598384e-39
1.637624074521689010e+00 2.230962770400952158e-39
1.656605958949915136e+00 2.280560782519375441e-39
1.675807864530768798e+00 2.331315250569516567e-39
1.695232341554121502e+00 2.383253139146550573e-39
1.714881969870540868e+00 2.436402041567815015e-39
1.734759359233932541e+00 2.490790194532459143e-39
1.754867149648152047e+00 2.546446493122907786e-39
1.775208011717636092e+00 2.603400506156106991e-39
1.795784647002096834e+00 2.661682491892711665e-39
1.816599788375328650e+00 2.721323414112546374e-39
1.837656200388172456e+00 2.782354958564898885e-39
1.858956679635688225e+00 2.844809549802370131e-39
1.880504055128583429e+00 2.908720368407234282e-39
1.902301188668945819e+00 2.974121368619457414e-39
1.924350975230332272e+00 3.041047296375731722e-39
1.946656343342263229e+00 3.109533707769130217e-39
1.969220255479173565e+00 3.179616987939163644e-39
1.992045708453871189e+00 3.251334370402296110e-39
2.015135733815558439e+00 3.324723956833180453e-39
2.038493398252464228e+00 3.399824737307116495e-39
2.062121803999144465e+00 3.476676611014503480e-39
2.086024089248504687e+00 3.555320407458280545e-39
2.110203428568596440e+00 3.635797908145614636e-39
2.134663033324245340e+00 3.718151868785374555e-39
2.159406152103567678e+00 3.802426042003166062e-39
2.184436071149428393e+00 3.888665200586013535e-39
2.209756114795903059e+00 3.976915161269033430e-39
2.235369645909796699e+00 4.067222809076722067e-39
2.261280066337279404e+00 4.159636122231809188e-39
2.287490817355704031e+00 4.254204197644917769e-39
2.314005380130653933e+00 4.350977276998534203e-39
2.340827276178294447e+00 4.450006773439189725e-39
2.367960067833078774e+00 4.551345298892011663e-39
2.395407358720879287e+00 4.655046692012148978e-39
2.423172794237600680e+00 4.761166046787960875e-39
2.451260062033339793e+00 4.869759741811095448e-39
2.479672892502160053e+00 4.980885470229082537e-39
2.508415059277541381e+00 5.094602270396305138e-39
2.537490379733571721e+00 5.210970557239638461e-39
2.566902715491951703e+00 5.330052154355441207e-39
2.596655972934872381e+00 5.451910326854930091e-39
2.626754103723838440e+00 5.576609814975384329e-39
2.657201105324506596e+00 5.704216868475052246e-39
2.688001021537607560e+00 5.834799281830026932e-39
2.719157943036019098e+00 5.968426430251757896e-39
2.750676007908067433e+00 6.105169306544401375e-39
2.782559402207125832e+00 6.245100558821521273e-39
2.814812360507581435e+00 6.388294529102216469e-39
2.847439166467247595e+00 6.534827292807152872e-39
2.880444153396297668e+00 6.684776699175548880e-39
2.913831704832788638e+00 6.838222412624491815e-39
2.947606255124858521e+00 6.995245955072626486e-39
2.981772290019673477e+00 7.155930749250706004e-39
3.016334347259197468e+00 7.320362163021980452e-39
3.051297017182871052e+00 7.488627554735994100e-39
3.086664943337274369e+00 7.660816319639889133e-39
3.122442823092857811e+00 7.837019937371881522e-39
3.158635408267818967e+00 8.017332020562116305e-39
3.195247505759213791e+00 8.201848364566749005e-39
3.232283978181380579e+00 8.390666998361698940e-39
3.269749744511767808e+00 8.583888236623025222e-39
3.307649780744242651e+00 8.781614733021719361e-39
3.345989120549974771e+00 8.983951534761094614e-39
3.384772855945982872e+00 9.191006138385859307e-39
3.424006137971425723e+00 9.402888546892432438e-39
3.463694177371734462e+00 9.619711328170893822e-39
3.503842245290675894e+00 9.841589674809565287e-39
3.544455673970435594e+00 1.006864146529405987e-38
3.585539857459817181e+00 1.030098732663319976e-38
3.627100252330648367e+00 1.053875069844519560e-38
3.669142378402494131e+00 1.078205789853803829e-38
3.711671819475766743e+00 1.103103819001897058e-38
3.754694224073336972e+00 1.128582384996874893e-38
3.798215306190736218e+00 1.154655023971704531e-38
3.842240846055060999e+00 1.181335587675655537e-38
3.886776690892667752e+00 1.208638250833375740e-38
3.931828755705770284e+00 1.236577518675568155e-38
3.977403024058036696e+00 1.265168234645250401e-38
4.023505548869293236e+00 1.294425588283708353e-38
4.070142453219438572e+00 1.324365123300319292e-38
4.117319931161679492e+00 1.355002745830548400e-38
4.165044248545185290e+00 1.386354732886486367e-38
4.213321743847289191e+00 1.418437741004438136e-38
4.262158829015325168e+00 1.451268815094141222e-38
4.311561990318228510e+00 1.484865397494315446e-38
4.361537789208005833e+00 1.519245337239365531e-38
4.412092863191189984e+00 1.554426899542138091e-38
4.463233926710397093e+00 1.590428775497789862e-38
4.514967772036102112e+00 1.627270092013906258e-38
4.567301270168746541e+00 1.664970421972149206e-38
4.620241371751313331e+00 1.703549794626843751e-38
4.673795107992464004e+00 1.743028706246003733e-38
4.727969591600390764e+00 1.783428131000480074e-38
4.782772017727485725e+00 1.824769532107004757e-38
4.838209664925956943e+00 1.867074873231042401e-38
4.894289896114531579e+00 1.910366630155538867e-38
4.951020159556350997e+00 1.954667802721739554e-38
5.008407989848212338e+00 2.000001927048438793e-38
5.066461008921268494e+00 2.046393088036150386e-38
5.125186927053333008e+00 2.093865932162839977e-38
5.184593543892913381e+00 2.142445680578008439e-38
5.244688749495119318e+00 2.192158142502092690e-38
5.305480525369573819e+00 2.243029728938288948e-38
5.366976945540476329e+00 2.295087466704079892e-38
5.429186177618943177e+00 2.348359012789913435e-38
5.492116483887789613e+00 2.402872669052677914e-38
5.555776222398877806e+00 2.458657397251754712e-38
5.620173848083187984e+00 2.515742834435661920e-38
5.685317913873753071e+00 2.574159308687452973e-38
5.751217071841614015e+00 2.633937855237251625e-38
5.817880074344935259e+00 2.695110232950483678e-38
5.885315775191449994e+00 2.757708941200580168e-38
5.953533130814370189e+00 2.821767237135094820e-38
6.022541201461927507e+00 2.887319153344436953e-38
6.092349152400711176e+00 2.954399515942587589e-38
6.162966255132942273e+00 3.023043963069382058e-38
6.234401888627863819e+00 3.093288963824206073e-38
6.306665540567405692e+00 3.165171837641149005e-38
6.379766808606282424e+00 3.238730774115876323e-38
6.453715401646701544e+00 3.314004853294808363e-38
6.528521141127847649e+00 3.391034066437322606e-38
6.604193962330305645e+00 3.469859337262089167e-38
6.680743915695614987e+00 3.550522543688788085e-38
6.758181168161110364e+00 3.633066540086795268e-38
6.836516004510238886e+00 3.717535180042665643e-38
6.915758828738525210e+00 3.803973339658490013e-38
6.995920165435374649e+00 3.892426941393516408e-38
7.077010661181889262e+00 3.982942978461673599e-38
7.159041085964887863e+00 4.075569539797946651e-38
7.242022334607315592e+00 4.170355835606849301e-38
7.325965428215230446e+00 4.267352223506561106e-38
7.410881515641570161e+00 4.366610235282629826e-38
7.496781874966877091e+00 4.468182604265469944e-38
7.583677914997190683e+00 4.572123293346228584e-38
7.671581176779302069e+00 4.678487523645901233e-38
7.760503335133570602e+00 4.787331803852980042e-38
7.850456200204509294e+00 4.898713960245187377e-38
7.941451719029339884e+00 5.012693167411222114e-38
8.033501977124734239e+00 5.129329979688829319e-38
8.126619200091946382e+00 5.248686363335858424e-38
8.220815755240540312e+00 5.370825729451349294e-38
8.316104153230961415e+00 5.495812967664248852e-38
8.412497049736117560e+00 5.623714480607525872e-38
8.510007247122246099e+00 5.754598219196230429e-38
8.608647696149244410e+00 5.888533718728075816e-38
8.708431497690723333e+00 6.025592135825915229e-38
8.809371904473991322e+00 6.165846286241597283e-38
8.911482322840202031e+00 6.309370683541256519e-38
9.014776314524917566e+00 6.456241578692600404e-38
9.119267598459298796e+00 6.606537000575136433e-38
9.224970052592174952e+00 6.760336797434862413e-38
9.331897715733239451e+00 6.917722679305570447e-38
9.440064789417602853e+00 7.078778261419274325e-38
9.549485639791965852e+00 7.243589108628940281e-38
9.660174799522645017e+00 7.412242780867079039e-38
9.772146969725724830e+00 7.584828879664323970e-38
9.885417021919574054e+00 7.761439095752609865e-38
1.000000000000000000e+01 7.942167257778165058e-38
